Well	Time	Temp	Mean	Stdev
A1	0	20.1	0.658699989	0.116300002
A10	0	20.1	0.663600028	0.096699998
A11	0	20.1	0.705500007	0.074299999
A12	0	20.1	0.752699971	0.123899996
A2	0	20.1	0.684000015	0.044599999
A3	0	20.1	0.708800018	0.0491
A4	0	20.1	0.722800016	0.054000001
A5	0	20.1	0.685199976	0.0557
A6	0	20.1	0.664799988	0.0208
A7	0	20.1	0.763400018	0.127299994
A8	0	20.1	0.690800011	0.064999998
A9	0	20.1	0.65140003	0.0801
B1	0	20.1	0.616699994	0.116499998
B10	0	20.1	0.645900011	0.105899997
B11	0	20.1	0.698700011	0.095899999
B12	0	20.1	0.712100029	0.089400001
B2	0	20.1	0.570500016	0.042800002
B3	0	20.1	0.619000018	0.0374
B4	0	20.1	0.623700023	0.042800002
B5	0	20.1	0.60860002	0.067400001
B6	0	20.1	0.651499987	0.096799999
B7	0	20.1	0.663500011	0.100299999
B8	0	20.1	0.669099987	0.095700003
B9	0	20.1	0.650099993	0.110100001
C1	0	20.1	0.788600028	0.044300001
C10	0	20.1	0.863499999	0.118299998
C11	0	20.1	0.866400003	0.100299999
C12	0	20.1	0.865499973	0.107299998
C2	0	20.1	0.811800003	0.0491
C3	0	20.1	0.826600015	0.088600002
C4	0	20.1	0.831200004	0.069799997
C5	0	20.1	0.841400027	0.119099997
C6	0	20.1	0.829400003	0.072800003
C7	0	20.1	0.869700015	0.120300002
C8	0	20.1	0.871299982	0.112300001
C9	0	20.1	0.858099997	0.110699996
D1	0	20.1	0.744700015	0.035300002
D10	0	20.1	0.849799991	0.109800003
D11	0	20.1	0.855499983	0.099699996
D12	0	20.1	0.83160001	0.080799997
D2	0	20.1	0.757000029	0.0148
D3	0	20.1	0.769299984	0.0127
D4	0	20.1	0.80369997	0.0502
D5	0	20.1	0.81190002	0.073600002
D6	0	20.1	0.82980001	0.094700001
D7	0	20.1	0.820900023	0.071900003
D8	0	20.1	0.857800007	0.1162
D9	0	20.1	0.848699987	0.113799997
E1	0	20.1	0.787800014	0.159500003
E10	0	20.1	0.82069999	0.112300001
E11	0	20.1	0.890699983	0.137500003
E12	0	20.1	0.824000001	0.151600003
E2	0	20.1	0.785899997	0.140900001
E3	0	20.1	0.799199998	0.127100006
E4	0	20.1	0.837400019	0.098700002
E5	0	20.1	0.781599998	0.158600003
E6	0	20.1	0.924399972	0.164299995
E7	0	20.1	0.888800025	0.207399994
E8	0	20.1	0.86619997	0.166899994
E9	0	20.1	0.835600019	0.062600002
F1	0	20.1	0.799600005	0.124899998
F10	0	20.1	0.935299993	0.073899999
F11	0	20.1	0.837000012	0.075499997
F12	0	20.1	0.859000027	0.087800004
F2	0	20.1	0.79339999	0.118600003
F3	0	20.1	0.795599997	0.115199998
F4	0	20.1	0.887300014	0.143299997
F5	0	20.1	0.899600029	0.098099999
F6	0	20.1	0.912100017	0.0911
F7	0	20.1	0.937900007	0.0605
F8	0	20.1	0.889199972	0.105499998
F9	0	20.1	0.939100027	0.097000003
G1	0	20.1	0.782000005	0.157700002
G10	0	20.1	0.870899975	0.0458
G11	0	20.1	0.859799981	0.131999999
G12	0	20.1	0.92839998	0.165900007
G2	0	20.1	0.787599981	0.164900005
G3	0	20.1	0.791700006	0.172099993
G4	0	20.1	0.895799994	0.104699999
G5	0	20.1	0.922599971	0.092799999
G6	0	20.1	0.919499993	0.1197
G7	0	20.1	0.909799993	0.153899997
G8	0	20.1	0.968599975	0.132699996
G9	0	20.1	0.908100009	0.188800007
A1	300.1	20.4	0.438800007	0.116099998
A10	300.1	20.4	0.443599999	0.139899999
A11	300.1	20.4	0.531899989	0.094499998
A12	300.1	20.4	0.551199973	0.132100001
A2	300.1	20.4	0.454100013	0.137400001
A3	300.1	20.4	0.487399995	0.067100003
A4	300.1	20.4	0.537800014	0.122199997
A5	300.1	20.4	0.420700014	0.071999997
A6	300.1	20.4	0.410600007	0.042199999
A7	300.1	20.4	0.558300018	0.137099996
A8	300.1	20.4	0.50880003	0.095299996
A9	300.1	20.4	0.437099993	0.118500002
B1	300.1	20.4	0.391099989	0.1096
B10	300.1	20.4	0.412900001	0.113399997
B11	300.1	20.4	0.520099998	0.094099998
B12	300.1	20.4	0.515600026	0.089500003
B2	300.1	20.4	0.386999995	0.066200003
B3	300.1	20.4	0.445300013	0.0495
B4	300.1	20.4	0.514900029	0.112199999
B5	300.1	20.4	0.43900001	0.110399999
B6	300.1	20.4	0.432500005	0.105899997
B7	300.1	20.4	0.479200006	0.105499998
B8	300.1	20.4	0.490200013	0.107000001
B9	300.1	20.4	0.423400015	0.114
C1	300.1	20.4	0.793299973	0.076899998
C10	300.1	20.4	0.827499986	0.111400001
C11	300.1	20.4	0.854300022	0.098499998
C12	300.1	20.4	0.846300006	0.104999997
C2	300.1	20.4	0.819299996	0.100500003
C3	300.1	20.4	0.839900017	0.100199997
C4	300.1	20.4	0.851400018	0.117600001
C5	300.1	20.4	0.820900023	0.0999
C6	300.1	20.4	0.823199987	0.1017
C7	300.1	20.4	0.853600025	0.119599998
C8	300.1	20.4	0.853999972	0.111699998
C9	300.1	20.4	0.825299978	0.110100001
D1	300.1	20.4	0.737100005	0.055399999
D10	300.1	20.4	0.815800011	0.105400003
D11	300.1	20.4	0.838999987	0.095799997
D12	300.1	20.4	0.818099976	0.084399998
D2	300.1	20.4	0.726499975	0.027899999
D3	300.1	20.4	0.764699996	0.038199998
D4	300.1	20.4	0.83950001	0.107600003
D5	300.1	20.4	0.817900002	0.115999997
D6	300.1	20.4	0.797999978	0.089100003
D7	300.1	20.4	0.806999981	0.070500001
D8	300.1	20.4	0.839299977	0.108099997
D9	300.1	20.4	0.815900028	0.1039
E1	300.1	20.4	0.779500008	0.163399994
E10	300.1	20.4	0.810299993	0.109200001
E11	300.1	20.4	0.893000007	0.139799997
E12	300.1	20.4	0.824800014	0.144099995
E2	300.1	20.4	0.775900006	0.147599995
E3	300.1	20.4	0.825299978	0.126599997
E4	300.1	20.4	0.834200025	0.125799999
E5	300.1	20.4	0.774299979	0.147300005
E6	300.1	20.4	0.905600011	0.113300003
E7	300.1	20.4	0.828499973	0.100699998
E8	300.1	20.4	0.865700006	0.1787
E9	300.1	20.4	0.827000022	0.075499997
F1	300.1	20.4	0.78609997	0.100699998
F10	300.1	20.4	0.949800014	0.110799998
F11	300.1	20.4	0.843200028	0.0788
F12	300.1	20.4	0.865400016	0.091499999
F2	300.1	20.4	0.790199995	0.115999997
F3	300.1	20.4	0.799600005	0.117399998
F4	300.1	20.4	0.872699976	0.1008
F5	300.1	20.4	0.904399991	0.0902
F6	300.1	20.4	0.832000017	0.085299999
F7	300.1	20.4	0.930299997	0.066100001
F8	300.1	20.4	0.892099977	0.148599997
F9	300.1	20.4	0.944800019	0.122900002
G1	300.1	20.4	0.770099998	0.123800002
G10	300.1	20.4	0.871299982	0.060800001
G11	300.1	20.4	0.942399979	0.186100006
G12	300.1	20.4	0.927699983	0.157000005
G2	300.1	20.4	0.789600015	0.1752
G3	300.1	20.4	0.819500029	0.121600002
G5	300.1	20.4	0.877499998	0.172700003
G5	300.1	20.4	0.936699986	0.177399993
G6	300.1	20.4	0.914900005	0.115800001
G7	300.1	20.4	0.886600018	0.177599996
G8	300.1	20.4	0.945200026	0.219600007
G9	300.1	20.4	0.990999997	0.109300002
A1	600.1	20.8	0.385600001	0.142000005
A10	600.1	20.8	0.380600005	0.126200005
A11	600.1	20.8	0.486799985	0.091899998
A12	600.1	20.8	0.494800001	0.123300001
A2	600.1	20.8	0.396400005	0.146300003
A3	600.1	20.8	0.440200001	0.074600004
A4	600.1	20.8	0.490099996	0.131500006
A5	600.1	20.8	0.323799998	0.0537
A6	600.1	20.8	0.353199989	0.0559
A7	600.1	20.8	0.499199986	0.136399999
A8	600.1	20.8	0.4366	0.071699999
A9	600.1	20.8	0.378199995	0.107900001
B1	600.1	20.8	0.334399998	0.108999997
B10	600.1	20.8	0.349999994	0.091499999
B11	600.1	20.8	0.463	0.079800002
B12	600.1	20.8	0.461400002	0.085500002
B2	600.1	20.8	0.368099988	0.0942
B3	600.1	20.8	0.464399993	0.113899998
B4	600.1	20.8	0.465299994	0.110100001
B5	600.1	20.8	0.379599988	0.107199997
B6	600.1	20.8	0.376599997	0.110200003
B7	600.1	20.8	0.425199986	0.094599999
B8	600.1	20.8	0.440800011	0.090300001
B9	600.1	20.8	0.364600003	0.094400004
C1	600.1	20.8	0.799399972	0.111000001
C10	600.1	20.8	0.81309998	0.115599997
C11	600.1	20.8	0.848800004	0.101499997
C12	600.1	20.8	0.842800021	0.108999997
C2	600.1	20.8	0.803799987	0.107100002
C3	600.1	20.8	0.832000017	0.093599997
C4	600.1	20.8	0.843299985	0.113700002
C5	600.1	20.8	0.810100019	0.111400001
C6	600.1	20.8	0.811999977	0.109800003
C7	600.1	20.8	0.846899986	0.119000003
C8	600.1	20.8	0.849900007	0.112999998
C9	600.1	20.8	0.811500013	0.110600002
D1	600.1	20.8	0.745100021	0.050299998
D10	600.1	20.8	0.79519999	0.107000001
D11	600.1	20.8	0.833000004	0.100100003
D12	600.1	20.8	0.805899978	0.072400004
D2	600.1	20.8	0.716199994	0.040399998
D3	600.1	20.8	0.827899992	0.092600003
D4	600.1	20.8	0.830799997	0.110399999
D5	600.1	20.8	0.795099974	0.0986
D6	600.1	20.8	0.774500012	0.077600002
D7	600.1	20.8	0.806699991	0.076399997
D8	600.1	20.8	0.834100008	0.108800001
D9	600.1	20.8	0.796400011	0.102200001
E1	600.1	20.8	0.775399983	0.163000003
E10	600.1	20.8	0.806699991	0.109499998
E11	600.1	20.8	0.887899995	0.151099995
E12	600.1	20.8	0.810699999	0.083700001
E2	600.1	20.8	0.772300005	0.167500004
E3	600.1	20.8	0.852599978	0.135100007
E4	600.1	20.8	0.784099996	0.155000001
E5	600.1	20.8	0.780300021	0.137999997
E6	600.1	20.8	0.897899985	0.103600003
E7	600.1	20.8	0.915700018	0.1052
E8	600.1	20.8	0.862800002	0.173899993
E9	600.1	20.8	0.821200013	0.085299999
F1	600.1	20.8	0.808300018	0.057
F10	600.1	20.8	0.924199998	0.0647
F11	600.1	20.8	0.842899978	0.088500001
F12	600.1	20.8	0.866599977	0.088
F2	600.1	20.8	0.781300008	0.0977
F3	600.1	20.8	0.791700006	0.101800002
F4	600.1	20.8	0.851800025	0.110299997
F5	600.1	20.8	0.807299972	0.0678
F6	600.1	20.8	0.84890002	0.087399997
F7	600.1	20.8	0.927999973	0.072999999
F8	600.1	20.8	0.889999986	0.143600002
F9	600.1	20.8	0.948300004	0.122900002
G1	600.1	20.8	0.765299976	0.112000003
G10	600.1	20.8	0.870899975	0.056000002
G11	600.1	20.8	0.953599989	0.160999998
G12	600.1	20.8	0.917900026	0.143999994
G2	600.1	20.8	0.782899976	0.162799999
G3	600.1	20.8	0.804799974	0.141499996
G5	600.1	20.8	0.930299997	0.175799996
G6	600.1	20.8	0.866900027	0.187999994
G6	600.1	20.8	0.915799975	0.134399995
G7	600.1	20.8	0.870999992	0.133699998
G8	600.1	20.8	1.005800009	0.100100003
G9	600.1	20.8	0.987699986	0.115400001
A1	900.2	21.1	0.365500003	0.135299996
A10	900.2	21.1	0.3662	0.1329
A11	900.2	21.1	0.465999991	0.097199999
A12	900.2	21.1	0.458299994	0.112499997
A2	900.2	21.1	0.370700002	0.1373
A3	900.2	21.1	0.418799996	0.077200003
A4	900.2	21.1	0.4648	0.130400002
A5	900.2	21.1	0.360700011	0.112400003
A6	900.2	21.1	0.315100014	0.043699998
A7	900.2	21.1	0.469500005	0.134399995
A8	900.2	21.1	0.417800009	0.0788
A9	900.2	21.1	0.357899994	0.118600003
B1	900.2	21.1	0.319099993	0.110699996
B10	900.2	21.1	0.327899992	0.103200004
B11	900.2	21.1	0.437400013	0.079999998
B12	900.2	21.1	0.425099999	0.076099999
B2	900.2	21.1	0.34709999	0.106899999
B3	900.2	21.1	0.436699986	0.103399999
B4	900.2	21.1	0.436399996	0.101499997
B5	900.2	21.1	0.343499988	0.091300003
B6	900.2	21.1	0.339599997	0.091200002
B7	900.2	21.1	0.406199992	0.096600004
B8	900.2	21.1	0.424600005	0.100400001
B9	900.2	21.1	0.338200003	0.097599998
C1	900.2	21.1	0.77579999	0.101899996
C10	900.2	21.1	0.790000021	0.093999997
C11	900.2	21.1	0.836799979	0.085500002
C12	900.2	21.1	0.824999988	0.087499999
C2	900.2	21.1	0.785099983	0.0999
C3	900.2	21.1	0.817399979	0.087300003
C4	900.2	21.1	0.833199978	0.100199997
C5	900.2	21.1	0.788500011	0.093000002
C6	900.2	21.1	0.800499976	0.105999999
C7	900.2	21.1	0.835900009	0.101999998
C8	900.2	21.1	0.834999979	0.094499998
C9	900.2	21.1	0.791000009	0.091300003
D1	900.2	21.1	0.736800015	0.071000002
D10	900.2	21.1	0.781300008	0.088699996
D11	900.2	21.1	0.821200013	0.086999997
D12	900.2	21.1	0.795700014	0.080200002
D2	900.2	21.1	0.70660001	0.029300001
D3	900.2	21.1	0.822600007	0.1039
D4	900.2	21.1	0.813499987	0.101499997
D5	900.2	21.1	0.773699999	0.108499996
D6	900.2	21.1	0.763700008	0.097099997
D7	900.2	21.1	0.798300028	0.072400004
D8	900.2	21.1	0.817799985	0.089400001
D9	900.2	21.1	0.782400012	0.090499997
E1	900.2	21.1	0.764800012	0.162100002
E10	900.2	21.1	0.800800025	0.090599999
E11	900.2	21.1	0.885299981	0.161500007
E12	900.2	21.1	0.799099982	0.066399999
E2	900.2	21.1	0.759199977	0.153400004
E3	900.2	21.1	0.853799999	0.133399993
E4	900.2	21.1	0.773899972	0.147100002
E5	900.2	21.1	0.798799992	0.135199994
E6	900.2	21.1	0.886600018	0.093800001
E7	900.2	21.1	0.953800023	0.145300001
E8	900.2	21.1	0.859000027	0.199499995
E9	900.2	21.1	0.812099993	0.072700001
F1	900.2	21.1	0.811100006	0.067199998
F10	900.2	21.1	0.93779999	0.097499996
F11	900.2	21.1	0.835500002	0.078199998
F12	900.2	21.1	0.853500009	0.079899997
F2	900.2	21.1	0.769299984	0.094099998
F3	900.2	21.1	0.783100009	0.086300001
F4	900.2	21.1	0.83890003	0.101400003
F5	900.2	21.1	0.885399997	0.061000001
F6	900.2	21.1	0.908900023	0.120700002
F7	900.2	21.1	0.917999983	0.091499999
F8	900.2	21.1	0.836899996	0.097999997
F9	900.2	21.1	0.929799974	0.087099999
G1	900.2	21.1	0.764299989	0.100400001
G10	900.2	21.1	0.862699986	0.072300002
G11	900.2	21.1	0.92900002	0.200100005
G12	900.2	21.1	0.911499977	0.155399993
G2	900.2	21.1	0.772899985	0.149900004
G3	900.2	21.1	0.79339999	0.133200005
G5	900.2	21.1	0.932399988	0.189199999
G6	900.2	21.1	0.90259999	0.132599995
G7	900.2	21.1	0.856100023	0.174500003
G7	900.2	21.1	0.893899977	0.186000004
G8	900.2	21.1	0.951099992	0.239099994
G9	900.2	21.1	0.979399979	0.115999997
A1	1200.2	21.4	0.356400013	0.141900003
A10	1200.2	21.4	0.354699999	0.138099998
A11	1200.2	21.4	0.454899997	0.114699997
A12	1200.2	21.4	0.444499999	0.124499999
A2	1200.2	21.4	0.360100001	0.138099998
A3	1200.2	21.4	0.421700001	0.088500001
A4	1200.2	21.4	0.450100005	0.131200001
A5	1200.2	21.4	0.333999991	0.108599998
A6	1200.2	21.4	0.302899987	0.0427
A7	1200.2	21.4	0.4542	0.127499998
A8	1200.2	21.4	0.416399986	0.090899996
A9	1200.2	21.4	0.346700013	0.128800005
B1	1200.2	21.4	0.316199988	0.109499998
B10	1200.2	21.4	0.320499986	0.108099997
B11	1200.2	21.4	0.426099986	0.088399999
B12	1200.2	21.4	0.409000009	0.086300001
B2	1200.2	21.4	0.341100007	0.109200001
B3	1200.2	21.4	0.428200006	0.1083
B4	1200.2	21.4	0.430299997	0.106399998
B5	1200.2	21.4	0.333499998	0.109399997
B6	1200.2	21.4	0.330599993	0.106899999
B7	1200.2	21.4	0.402700007	0.1039
B8	1200.2	21.4	0.422699988	0.105599999
B9	1200.2	21.4	0.328000009	0.108000003
C1	1200.2	21.4	0.76849997	0.104000002
C10	1200.2	21.4	0.774399996	0.108199999
C11	1200.2	21.4	0.826699972	0.089500003
C12	1200.2	21.4	0.814300001	0.098099999
C2	1200.2	21.4	0.773800015	0.108599998
C3	1200.2	21.4	0.81190002	0.093000002
C4	1200.2	21.4	0.819999993	0.093400002
C5	1200.2	21.4	0.774500012	0.112899996
C6	1200.2	21.4	0.778500021	0.105499998
C7	1200.2	21.4	0.824800014	0.108099997
C8	1200.2	21.4	0.826900005	0.104900002
C9	1200.2	21.4	0.775699973	0.105099998
D1	1200.2	21.4	0.733900011	0.077100001
D10	1200.2	21.4	0.758000016	0.098700002
D11	1200.2	21.4	0.808200002	0.098200001
D12	1200.2	21.4	0.792500019	0.082000002
D2	1200.2	21.4	0.699699998	0.052499998
D3	1200.2	21.4	0.803799987	0.102300003
D4	1200.2	21.4	0.807399988	0.1052
D5	1200.2	21.4	0.768999994	0.106899999
D6	1200.2	21.4	0.750699997	0.093199998
D7	1200.2	21.4	0.792500019	0.087399997
D8	1200.2	21.4	0.806800008	0.103
D9	1200.2	21.4	0.762000024	0.1052
E1	1200.2	21.4	0.762099981	0.160899997
E10	1200.2	21.4	0.784200013	0.086900003
E11	1200.2	21.4	0.873600006	0.150900006
E12	1200.2	21.4	0.797999978	0.0561
E2	1200.2	21.4	0.74150002	0.138400003
E3	1200.2	21.4	0.852199972	0.119199999
E4	1200.2	21.4	0.79430002	0.133900002
E5	1200.2	21.4	0.811800003	0.136399999
E6	1200.2	21.4	0.872699976	0.133300006
E7	1200.2	21.4	0.89410001	0.140799999
E8	1200.2	21.4	0.845700026	0.176200002
E9	1200.2	21.4	0.799600005	0.073100001
F1	1200.2	21.4	0.813799977	0.077799998
F10	1200.2	21.4	0.902199984	0.052499998
F11	1200.2	21.4	0.825900018	0.084700003
F12	1200.2	21.4	0.849099994	0.0955
F2	1200.2	21.4	0.762700021	0.082699999
F3	1200.2	21.4	0.776000023	0.084799998
F4	1200.2	21.4	0.865400016	0.184200004
F5	1200.2	21.4	0.928200006	0.113700002
F6	1200.2	21.4	0.900600016	0.136800006
F7	1200.2	21.4	0.905300021	0.079400003
F8	1200.2	21.4	0.809800029	0.102499999
F9	1200.2	21.4	0.931999981	0.113700002
G1	1200.2	21.4	0.765799999	0.094400004
G10	1200.2	21.4	0.852100015	0.053100001
G11	1200.2	21.4	0.911300004	0.208399996
G12	1200.2	21.4	0.911800027	0.158299997
G2	1200.2	21.4	0.765500009	0.136199996
G3	1200.2	21.4	0.779399991	0.144800007
G5	1200.2	21.4	0.846400023	0.109899998
G6	1200.2	21.4	0.900900006	0.129999995
G7	1200.2	21.4	0.882099986	0.191499993
G8	1200.2	21.4	0.853500009	0.170399994
G8	1200.2	21.4	0.99089998	0.098499998
G9	1200.2	21.4	0.974300027	0.1219
A1	1500.2	21.6	0.353500009	0.140699998
A10	1500.2	21.6	0.351700008	0.140599996
A11	1500.2	21.6	0.451900005	0.115800001
A12	1500.2	21.6	0.4384	0.129600003
A2	1500.2	21.6	0.358799994	0.139899999
A3	1500.2	21.6	0.367500007	0.0403
A4	1500.2	21.6	0.4463	0.1303
A5	1500.2	21.6	0.303000003	0.075499997
A6	1500.2	21.6	0.290499985	0.059599999
A7	1500.2	21.6	0.447600007	0.132699996
A8	1500.2	21.6	0.414299995	0.096100003
A9	1500.2	21.6	0.347900003	0.133900002
B1	1500.2	21.6	0.313600004	0.110299997
B10	1500.2	21.6	0.318800002	0.108900003
B11	1500.2	21.6	0.425500005	0.089699998
B12	1500.2	21.6	0.407099992	0.0902
B2	1500.2	21.6	0.337900013	0.110200003
B3	1500.2	21.6	0.42719999	0.101300001
B4	1500.2	21.6	0.427399993	0.109899998
B5	1500.2	21.6	0.331999987	0.110399999
B6	1500.2	21.6	0.326900005	0.1065
B7	1500.2	21.6	0.399899989	0.104199998
B8	1500.2	21.6	0.418099999	0.105800003
B9	1500.2	21.6	0.328599989	0.108800001
C1	1500.2	21.6	0.757300019	0.100500003
C10	1500.2	21.6	0.767499983	0.110399999
C11	1500.2	21.6	0.822399974	0.100400001
C12	1500.2	21.6	0.816500008	0.110399999
C2	1500.2	21.6	0.765900016	0.105499998
C3	1500.2	21.6	0.805599988	0.0977
C4	1500.2	21.6	0.81400001	0.1039
C5	1500.2	21.6	0.770500004	0.110799998
C6	1500.2	21.6	0.770299971	0.112800002
C7	1500.2	21.6	0.82099998	0.1131
C8	1500.2	21.6	0.823700011	0.107299998
C9	1500.2	21.6	0.771700025	0.1061
D1	1500.2	21.6	0.734700024	0.084100001
D10	1500.2	21.6	0.751600027	0.105400003
D11	1500.2	21.6	0.806200027	0.100900002
D12	1500.2	21.6	0.791000009	0.084299996
D2	1500.2	21.6	0.764900029	0.112300001
D3	1500.2	21.6	0.801500022	0.104099996
D4	1500.2	21.6	0.805599988	0.105999999
D5	1500.2	21.6	0.760599971	0.107900001
D6	1500.2	21.6	0.748000026	0.091399997
D7	1500.2	21.6	0.792200029	0.088299997
D8	1500.2	21.6	0.806400001	0.1043
D9	1500.2	21.6	0.755200028	0.105300002
E1	1500.2	21.6	0.76789999	0.135499999
E10	1500.2	21.6	0.777100027	0.087700002
E11	1500.2	21.6	0.871699989	0.147
E12	1500.2	21.6	0.797299981	0.051399998
E2	1500.2	21.6	0.733299971	0.131200001
E3	1500.2	21.6	0.847500026	0.1241
E4	1500.2	21.6	0.8046	0.1338
E5	1500.2	21.6	0.812699974	0.139899999
E6	1500.2	21.6	0.847599983	0.095899999
E7	1500.2	21.6	0.882600009	0.143399999
E8	1500.2	21.6	0.846099973	0.176400006
E9	1500.2	21.6	0.798900008	0.078599997
F1	1500.2	21.6	0.816699982	0.090099998
F10	1500.2	21.6	0.925400019	0.105300002
F11	1500.2	21.6	0.825399995	0.092399999
F12	1500.2	21.6	0.843599975	0.095600002
F2	1500.2	21.6	0.755800009	0.073200002
F3	1500.2	21.6	0.771200001	0.066399999
F4	1500.2	21.6	0.812300026	0.115099996
F5	1500.2	21.6	0.923900008	0.110299997
F6	1500.2	21.6	0.908900023	0.1391
F7	1500.2	21.6	0.896499991	0.084600002
F8	1500.2	21.6	0.819400012	0.088399999
F9	1500.2	21.6	0.905799985	0.0836
G1	1500.2	21.6	0.767199993	0.088399999
G10	1500.2	21.6	0.849799991	0.053800002
G11	1500.2	21.6	0.90200001	0.122299999
G12	1500.2	21.6	0.908100009	0.157900006
G2	1500.2	21.6	0.764199972	0.120999999
G3	1500.2	21.6	0.811699986	0.196700007
G5	1500.2	21.6	0.924000025	0.1928
G6	1500.2	21.6	0.894900024	0.139599994
G7	1500.2	21.6	0.867399991	0.153899997
G8	1500.2	21.6	0.944500029	0.252400011
G9	1500.2	21.6	0.850799978	0.167999998
G9	1500.2	21.6	0.873700023	0.149200007
A1	1800.3	21.9	0.347799987	0.135800004
A10	1800.3	21.9	0.350300014	0.1382
A11	1800.3	21.9	0.451200008	0.120200001
A12	1800.3	21.9	0.435799986	0.131200001
A2	1800.3	21.9	0.355199993	0.138600007
A3	1800.3	21.9	0.367700011	0.043699998
A4	1800.3	21.9	0.438600004	0.129999995
A5	1800.3	21.9	0.322100013	0.100400001
A6	1800.3	21.9	0.291200012	0.063600004
A7	1800.3	21.9	0.445199996	0.133699998
A8	1800.3	21.9	0.411799997	0.094499998
A9	1800.3	21.9	0.345299989	0.133300006
B1	1800.3	21.9	0.312700003	0.108800001
B10	1800.3	21.9	0.319200009	0.108900003
B11	1800.3	21.9	0.420300007	0.089000002
B12	1800.3	21.9	0.402799994	0.087399997
B2	1800.3	21.9	0.335799992	0.109099999
B3	1800.3	21.9	0.423200011	0.107699998
B4	1800.3	21.9	0.424800009	0.110299997
B5	1800.3	21.9	0.330000013	0.109399997
B6	1800.3	21.9	0.326099992	0.106799997
B7	1800.3	21.9	0.397300005	0.102700002
B8	1800.3	21.9	0.415600002	0.105099998
B9	1800.3	21.9	0.324600011	0.109200001
C1	1800.3	21.9	0.752399981	0.098800004
C10	1800.3	21.9	0.764400005	0.111900002
C11	1800.3	21.9	0.82130003	0.101099998
C12	1800.3	21.9	0.81190002	0.1083
C2	1800.3	21.9	0.759500027	0.102399997
C3	1800.3	21.9	0.806299984	0.097999997
C4	1800.3	21.9	0.811200023	0.1043
C5	1800.3	21.9	0.764500022	0.1127
C6	1800.3	21.9	0.769299984	0.114500001
C7	1800.3	21.9	0.818599999	0.112499997
C8	1800.3	21.9	0.822600007	0.110200003
C9	1800.3	21.9	0.766300023	0.107299998
D1	1800.3	21.9	0.740800023	0.096299998
D10	1800.3	21.9	0.74940002	0.102899998
D11	1800.3	21.9	0.80339998	0.1017
D12	1800.3	21.9	0.788399994	0.086199999
D2	1800.3	21.9	0.760100007	0.1131
D3	1800.3	21.9	0.799799979	0.103100002
D4	1800.3	21.9	0.801599979	0.107199997
D5	1800.3	21.9	0.758599997	0.108400002
D6	1800.3	21.9	0.743499994	0.095700003
D7	1800.3	21.9	0.791100025	0.0867
D8	1800.3	21.9	0.803900003	0.105899997
D9	1800.3	21.9	0.75150001	0.107199997
E1	1800.3	21.9	0.78490001	0.137400001
E10	1800.3	21.9	0.770299971	0.080600001
E11	1800.3	21.9	0.871200025	0.151500002
E12	1800.3	21.9	0.797100008	0.048500001
E2	1800.3	21.9	0.726599991	0.119800001
E3	1800.3	21.9	0.8477	0.121100001
E4	1800.3	21.9	0.815199971	0.134200007
E5	1800.3	21.9	0.808399975	0.136999995
E6	1800.3	21.9	0.857200027	0.127000004
E7	1800.3	21.9	0.879999995	0.1373
E8	1800.3	21.9	0.844500005	0.175099999
E9	1800.3	21.9	0.796400011	0.086599998
F1	1800.3	21.9	0.819500029	0.099200003
F10	1800.3	21.9	0.895200014	0.059799999
F11	1800.3	21.9	0.823099971	0.087800004
F12	1800.3	21.9	0.846099973	0.093999997
F2	1800.3	21.9	0.755100012	0.075199999
F3	1800.3	21.9	0.771000028	0.068999998
F4	1800.3	21.9	0.877099991	0.082800001
F5	1800.3	21.9	0.916999996	0.1017
F6	1800.3	21.9	0.907000005	0.134399995
F7	1800.3	21.9	0.894800007	0.081900001
F8	1800.3	21.9	0.892700016	0.091499999
F9	1800.3	21.9	0.923699975	0.114699997
G1	1800.3	21.9	0.765100002	0.094099998
G10	1800.3	21.9	0.8495	0.168799996
G10	1800.3	21.9	0.851599991	0.0559
G11	1800.3	21.9	0.895299971	0.120999999
G12	1800.3	21.9	0.91140002	0.159199998
G2	1800.3	21.9	0.763000011	0.1118
G3	1800.3	21.9	0.779200017	0.166099995
G5	1800.3	21.9	0.84009999	0.113399997
G6	1800.3	21.9	0.893299997	0.137799993
G7	1800.3	21.9	0.87559998	0.159899995
G8	1800.3	21.9	1.000200033	0.1228
G9	1800.3	21.9	0.969600022	0.115199998
A1	2100.3	22.1	0.347000003	0.1373
A10	2100.3	22.1	0.349400014	0.138400003
A11	2100.3	22.1	0.451700002	0.1215
A12	2100.3	22.1	0.432700008	0.132400006
A2	2100.3	22.1	0.354600012	0.137999997
A3	2100.3	22.1	0.376899987	0.049600001
A4	2100.3	22.1	0.440499991	0.131699994
A5	2100.3	22.1	0.331800014	0.111599997
A6	2100.3	22.1	0.287600011	0.059700001
A7	2100.3	22.1	0.444000006	0.1347
A8	2100.3	22.1	0.416399986	0.097400002
A9	2100.3	22.1	0.345400006	0.132799998
B1	2100.3	22.1	0.310799986	0.112300001
B10	2100.3	22.1	0.317799985	0.108499996
B11	2100.3	22.1	0.419800013	0.087300003
B12	2100.3	22.1	0.401800007	0.089000002
B2	2100.3	22.1	0.334800005	0.109399997
B3	2100.3	22.1	0.416900009	0.103799999
B4	2100.3	22.1	0.424100012	0.108199999
B5	2100.3	22.1	0.328000009	0.110299997
B6	2100.3	22.1	0.324999988	0.106299996
B7	2100.3	22.1	0.39410001	0.1017
B8	2100.3	22.1	0.416700006	0.105300002
B9	2100.3	22.1	0.325100005	0.109499998
C1	2100.3	22.1	0.751900017	0.098899998
C10	2100.3	22.1	0.761200011	0.112000003
C11	2100.3	22.1	0.821099997	0.100500003
C12	2100.3	22.1	0.809000015	0.106700003
C2	2100.3	22.1	0.756799996	0.102700002
C3	2100.3	22.1	0.803799987	0.100100003
C4	2100.3	22.1	0.81279999	0.107100002
C5	2100.3	22.1	0.764100015	0.1105
C6	2100.3	22.1	0.76700002	0.113399997
C7	2100.3	22.1	0.818799973	0.113200001
C8	2100.3	22.1	0.820800006	0.110399999
C9	2100.3	22.1	0.763999999	0.109800003
D1	2100.3	22.1	0.74089998	0.100299999
D10	2100.3	22.1	0.745000005	0.103100002
D11	2100.3	22.1	0.801400006	0.099399999
D12	2100.3	22.1	0.789399981	0.0836
D2	2100.3	22.1	0.756799996	0.112300001
D3	2100.3	22.1	0.798300028	0.103699997
D4	2100.3	22.1	0.8028	0.105400003
D5	2100.3	22.1	0.754100025	0.1096
D6	2100.3	22.1	0.737299979	0.093400002
D7	2100.3	22.1	0.789900005	0.086900003
D8	2100.3	22.1	0.802100003	0.103699997
D9	2100.3	22.1	0.750699997	0.107299998
E1	2100.3	22.1	0.799799979	0.132499993
E10	2100.3	22.1	0.769699991	0.0801
E11	2100.3	22.1	0.869199991	0.152799994
E12	2100.3	22.1	0.792699993	0.044799998
E2	2100.3	22.1	0.726499975	0.122900002
E3	2100.3	22.1	0.842700005	0.120800003
E4	2100.3	22.1	0.813799977	0.136899993
E5	2100.3	22.1	0.799199998	0.139699996
E6	2100.3	22.1	0.838800013	0.097199999
E7	2100.3	22.1	0.879800022	0.143999994
E8	2100.3	22.1	0.845799983	0.175400004
E9	2100.3	22.1	0.793900013	0.088
F1	2100.3	22.1	0.819000006	0.103100002
F10	2100.3	22.1	0.914399981	0.100199997
F11	2100.3	22.1	0.823800027	0.085600004
F12	2100.3	22.1	0.839900017	0.095200002
F2	2100.3	22.1	0.75150001	0.068899997
F3	2100.3	22.1	0.770600021	0.068000004
F4	2100.3	22.1	0.820599973	0.100299999
F5	2100.3	22.1	0.913100004	0.1008
F6	2100.3	22.1	0.90259999	0.114699997
F7	2100.3	22.1	0.894200027	0.082699999
F8	2100.3	22.1	0.878300011	0.103299998
F9	2100.3	22.1	0.898100019	0.077100001
G1	2100.3	22.1	0.764999986	0.092
G10	2100.3	22.1	0.848800004	0.052299999
G11	2100.3	22.1	0.84829998	0.170900002
G11	2100.3	22.1	0.893700004	0.122900002
G12	2100.3	22.1	0.906799972	0.157000005
G2	2100.3	22.1	0.762899995	0.105899997
G3	2100.3	22.1	0.777999997	0.161799997
G5	2100.3	22.1	0.83920002	0.121200003
G6	2100.3	22.1	0.889400005	0.143000007
G7	2100.3	22.1	0.878799975	0.172700003
G8	2100.3	22.1	0.919799984	0.294499993
G9	2100.3	22.1	0.973800004	0.1228
A1	2400.3	22.3	0.347000003	0.136600003
A10	2400.3	22.3	0.3495	0.139699996
A11	2400.3	22.3	0.452100009	0.123499997
A12	2400.3	22.3	0.433200002	0.132100001
A2	2400.3	22.3	0.35589999	0.139799997
A3	2400.3	22.3	0.389400005	0.0625
A4	2400.3	22.3	0.4366	0.128600001
A5	2400.3	22.3	0.337000012	0.118500002
A6	2400.3	22.3	0.289000005	0.061000001
A7	2400.3	22.3	0.441199988	0.134399995
A8	2400.3	22.3	0.416399986	0.101400003
A9	2400.3	22.3	0.344700009	0.133699998
B1	2400.3	22.3	0.309700012	0.1131
B10	2400.3	22.3	0.317799985	0.109200001
B11	2400.3	22.3	0.418799996	0.086400002
B12	2400.3	22.3	0.400400013	0.087200001
B2	2400.3	22.3	0.334300011	0.109499998
B3	2400.3	22.3	0.420399994	0.110600002
B4	2400.3	22.3	0.420899987	0.107299998
B5	2400.3	22.3	0.329400003	0.111100003
B6	2400.3	22.3	0.324999988	0.105999999
B7	2400.3	22.3	0.393599987	0.103500001
B8	2400.3	22.3	0.415499985	0.105700001
B9	2400.3	22.3	0.324999988	0.108999997
C1	2400.3	22.3	0.747099996	0.099100001
C10	2400.3	22.3	0.7597	0.1109
C11	2400.3	22.3	0.820500016	0.101300001
C12	2400.3	22.3	0.808099985	0.102700002
C2	2400.3	22.3	0.754899979	0.101899996
C3	2400.3	22.3	0.801699996	0.096100003
C4	2400.3	22.3	0.810000002	0.106200002
C5	2400.3	22.3	0.761399984	0.111699998
C6	2400.3	22.3	0.762099981	0.114799999
C7	2400.3	22.3	0.816900015	0.1127
C8	2400.3	22.3	0.821699977	0.109499998
C9	2400.3	22.3	0.763300002	0.110399999
D1	2400.3	22.3	0.744300008	0.1061
D10	2400.3	22.3	0.743200004	0.101999998
D11	2400.3	22.3	0.800700009	0.101300001
D12	2400.3	22.3	0.784699976	0.085600004
D2	2400.3	22.3	0.754700005	0.110600002
D3	2400.3	22.3	0.799399972	0.103799999
D4	2400.3	22.3	0.801500022	0.107199997
D5	2400.3	22.3	0.755800009	0.110699996
D6	2400.3	22.3	0.735899985	0.093999997
D7	2400.3	22.3	0.789799988	0.087499999
D8	2400.3	22.3	0.801299989	0.101999998
D9	2400.3	22.3	0.745999992	0.105499998
E1	2400.3	22.3	0.816500008	0.130500004
E10	2400.3	22.3	0.766099989	0.077699997
E11	2400.3	22.3	0.870700002	0.147200003
E12	2400.3	22.3	0.797900021	0.034600001
E2	2400.3	22.3	0.72240001	0.117200002
E3	2400.3	22.3	0.845399976	0.119099997
E4	2400.3	22.3	0.819400012	0.135000005
E5	2400.3	22.3	0.797500014	0.135000005
E6	2400.3	22.3	0.84859997	0.128900006
E7	2400.3	22.3	0.878099978	0.136500001
E8	2400.3	22.3	0.845499992	0.177499995
E9	2400.3	22.3	0.788999975	0.083400004
F1	2400.3	22.3	0.819999993	0.108400002
F10	2400.3	22.3	0.892700016	0.065200001
F11	2400.3	22.3	0.823400021	0.086900003
F12	2400.3	22.3	0.83829999	0.0902
F2	2400.3	22.3	0.748099983	0.065800004
F3	2400.3	22.3	0.771300018	0.0682
F4	2400.3	22.3	0.903400004	0.073200002
F5	2400.3	22.3	0.891900003	0.068800002
F6	2400.3	22.3	0.897400022	0.0999
F7	2400.3	22.3	0.887499988	0.082599998
F8	2400.3	22.3	0.917200029	0.083300002
F9	2400.3	22.3	0.894800007	0.077799998
G1	2400.3	22.3	0.764199972	0.097499996
G10	2400.3	22.3	0.84920001	0.054200001
G11	2400.3	22.3	0.88440001	0.115099996
G12	2400.3	22.3	0.849900007	0.170100003
G12	2400.3	22.3	0.908900023	0.158500001
G2	2400.3	22.3	0.766200006	0.114699997
G3	2400.3	22.3	0.780399978	0.165099993
G5	2400.3	22.3	0.838199973	0.117899999
G6	2400.3	22.3	0.887600005	0.141900003
G7	2400.3	22.3	0.877799988	0.168899998
G8	2400.3	22.3	0.985800028	0.086199999
G9	2400.3	22.3	0.971400023	0.120800003
A1	2700.3	22.4	0.346599996	0.136000007
A10	2700.3	22.4	0.3495	0.139699996
A11	2700.3	22.4	0.453200012	0.127800003
A12	2700.3	22.4	0.429899991	0.130899996
A2	2700.3	22.4	0.354699999	0.139400005
A3	2700.3	22.4	0.363099992	0.039799999
A4	2700.3	22.4	0.436100006	0.129700005
A5	2700.3	22.4	0.339399993	0.121200003
A6	2700.3	22.4	0.287200004	0.058699999
A7	2700.3	22.4	0.439999998	0.134299994
A8	2700.3	22.4	0.418300003	0.104800001
A9	2700.3	22.4	0.344999999	0.133200005
B1	2700.3	22.4	0.309599996	0.112099998
B10	2700.3	22.4	0.318399996	0.111000001
B11	2700.3	22.4	0.416299999	0.087300003
B12	2700.3	22.4	0.396299988	0.084399998
B2	2700.3	22.4	0.333900005	0.109300002
B3	2700.3	22.4	0.413500011	0.103
B4	2700.3	22.4	0.420100003	0.108499996
B5	2700.3	22.4	0.329299986	0.110699996
B6	2700.3	22.4	0.326200008	0.106600001
B7	2700.3	22.4	0.3926	0.103299998
B8	2700.3	22.4	0.414299995	0.106700003
B9	2700.3	22.4	0.326400012	0.109800003
C1	2700.3	22.4	0.744300008	0.1008
C10	2700.3	22.4	0.75999999	0.112300001
C11	2700.3	22.4	0.820900023	0.104900002
C12	2700.3	22.4	0.808000028	0.1074
C2	2700.3	22.4	0.753899992	0.103600003
C3	2700.3	22.4	0.802100003	0.097199999
C4	2700.3	22.4	0.809099972	0.106200002
C5	2700.3	22.4	0.757700026	0.111599997
C6	2700.3	22.4	0.762600005	0.112599999
C7	2700.3	22.4	0.816399992	0.1118
C8	2700.3	22.4	0.82069999	0.111199997
C9	2700.3	22.4	0.761099994	0.110399999
D1	2700.3	22.4	0.743499994	0.108999997
D10	2700.3	22.4	0.74150002	0.101800002
D11	2700.3	22.4	0.800000012	0.101400003
D12	2700.3	22.4	0.786800027	0.0823
D2	2700.3	22.4	0.75150001	0.1118
D3	2700.3	22.4	0.800300002	0.106399998
D4	2700.3	22.4	0.800899982	0.108599998
D5	2700.3	22.4	0.752300024	0.110200003
D6	2700.3	22.4	0.736899972	0.0955
D7	2700.3	22.4	0.789300025	0.088
D8	2700.3	22.4	0.800599992	0.1021
D9	2700.3	22.4	0.745999992	0.1065
E1	2700.3	22.4	0.82099998	0.130999997
E10	2700.3	22.4	0.76700002	0.0722
E11	2700.3	22.4	0.868300021	0.145600006
E12	2700.3	22.4	0.79549998	0.0328
E2	2700.3	22.4	0.72299999	0.1149
E3	2700.3	22.4	0.844099998	0.122000001
E4	2700.3	22.4	0.817300022	0.1338
E5	2700.3	22.4	0.794799984	0.137199998
E6	2700.3	22.4	0.834200025	0.097999997
E7	2700.3	22.4	0.876299977	0.136399999
E8	2700.3	22.4	0.843500018	0.173099995
E9	2700.3	22.4	0.787599981	0.080799997
F1	2700.3	22.4	0.820100009	0.112199999
F10	2700.3	22.4	0.888499975	0.0603
F11	2700.3	22.4	0.821699977	0.084600002
F12	2700.3	22.4	0.836899996	0.088
F2	2700.3	22.4	0.748899996	0.070299998
F3	2700.3	22.4	0.772300005	0.071099997
F4	2700.3	22.4	0.854700029	0.180600002
F5	2700.3	22.4	0.890699983	0.073399998
F6	2700.3	22.4	0.890900016	0.084799998
F7	2700.3	22.4	0.887199998	0.086199999
F8	2700.3	22.4	0.915300012	0.133699998
F9	2700.3	22.4	0.89349997	0.076700002
G1	2700.3	22.4	0.763800025	0.0964
G10	2700.3	22.4	0.847199976	0.052099999
G11	2700.3	22.4	0.878000021	0.120999999
G12	2700.3	22.4	0.908200026	0.157800004
G13	2700.3	22.4	0.851199985	0.170699999
G2	2700.3	22.4	0.764699996	0.1074
G3	2700.3	22.4	0.779600024	0.163000003
G5	2700.3	22.4	0.929700017	0.192499995
G6	2700.3	22.4	0.887499988	0.144800007
G7	2700.3	22.4	0.882099986	0.172700003
G8	2700.3	22.4	0.903900027	0.301400006
G9	2700.3	22.4	0.915499985	0.075300001
A1	3000.4	22.6	0.345099986	0.135800004
A10	3000.4	22.6	0.348800004	0.140200004
A11	3000.4	22.6	0.451400012	0.126499996
A12	3000.4	22.6	0.430299997	0.132799998
A2	3000.4	22.6	0.354200006	0.138899997
A3	3000.4	22.6	0.368299991	0.045000002
A4	3000.4	22.6	0.433600008	0.128700003
A5	3000.4	22.6	0.346399993	0.130400002
A6	3000.4	22.6	0.286799997	0.057500001
A7	3000.4	22.6	0.439399987	0.135499999
A8	3000.4	22.6	0.41870001	0.107100002
A9	3000.4	22.6	0.344900012	0.133200005
B1	3000.4	22.6	0.310499996	0.114600003
B10	3000.4	22.6	0.318500012	0.110699996
B11	3000.4	22.6	0.416799992	0.082699999
B12	3000.4	22.6	0.395099998	0.084600002
B2	3000.4	22.6	0.334699988	0.109999999
B3	3000.4	22.6	0.414299995	0.104699999
B4	3000.4	22.6	0.419099987	0.107900001
B5	3000.4	22.6	0.329600006	0.111000001
B6	3000.4	22.6	0.326799989	0.107299998
B7	3000.4	22.6	0.389999986	0.101599999
B8	3000.4	22.6	0.413199991	0.107699998
B9	3000.4	22.6	0.325100005	0.109399997
C1	3000.4	22.6	0.747399986	0.096900001
C10	3000.4	22.6	0.756399989	0.112199999
C11	3000.4	22.6	0.818499982	0.100199997
C12	3000.4	22.6	0.806999981	0.1074
C2	3000.4	22.6	0.753199995	0.102300003
C3	3000.4	22.6	0.801299989	0.096500002
C4	3000.4	22.6	0.810299993	0.107600003
C5	3000.4	22.6	0.758000016	0.112499997
C6	3000.4	22.6	0.762700021	0.113399997
C7	3000.4	22.6	0.814499974	0.112199999
C8	3000.4	22.6	0.819100022	0.111299999
C9	3000.4	22.6	0.760100007	0.109200001
D1	3000.4	22.6	0.743399978	0.110100001
D10	3000.4	22.6	0.742299974	0.102700002
D11	3000.4	22.6	0.798600018	0.098899998
D12	3000.4	22.6	0.785300016	0.086599998
D2	3000.4	22.6	0.752399981	0.111900002
D3	3000.4	22.6	0.798699975	0.105999999
D4	3000.4	22.6	0.801299989	0.108199999
D5	3000.4	22.6	0.752099991	0.112899996
D6	3000.4	22.6	0.735800028	0.096000001
D7	3000.4	22.6	0.789300025	0.091899998
D8	3000.4	22.6	0.800100029	0.106200002
D9	3000.4	22.6	0.745400012	0.1061
E1	3000.4	22.6	0.819599986	0.126800001
E10	3000.4	22.6	0.763199985	0.073899999
E11	3000.4	22.6	0.869499981	0.150800005
E12	3000.4	22.6	0.794399977	0.0294
E2	3000.4	22.6	0.722000003	0.113600001
E3	3000.4	22.6	0.843500018	0.121299997
E4	3000.4	22.6	0.822700024	0.138099998
E5	3000.4	22.6	0.796999991	0.136700004
E6	3000.4	22.6	0.833100021	0.097400002
E7	3000.4	22.6	0.87559998	0.143299997
E8	3000.4	22.6	0.844200015	0.190200001
E9	3000.4	22.6	0.790499985	0.077699997
F1	3000.4	22.6	0.817399979	0.111199997
F10	3000.4	22.6	0.885900021	0.063299999
F11	3000.4	22.6	0.820100009	0.084899999
F12	3000.4	22.6	0.839399993	0.084799998
F2	3000.4	22.6	0.74849999	0.066399999
F3	3000.4	22.6	0.769900024	0.064900003
F4	3000.4	22.6	0.901899993	0.089699998
F5	3000.4	22.6	0.887000024	0.0601
F6	3000.4	22.6	0.882200003	0.065399997
F7	3000.4	22.6	0.884000003	0.087399997
F8	3000.4	22.6	0.936100006	0.108800001
F9	3000.4	22.6	0.889900029	0.067900002
G1	3000.4	22.6	0.765699983	0.098200001
G10	3000.4	22.6	0.846899986	0.057500001
G11	3000.4	22.6	0.875100017	0.122400001
G12	3000.4	22.6	0.907400012	0.156499997
G14	3000.4	22.6	0.850899994	0.172299996
G2	3000.4	22.6	0.770099998	0.107299998
G3	3000.4	22.6	0.778100014	0.159700006
G5	3000.4	22.6	0.958899975	0.181700006
G6	3000.4	22.6	0.884000003	0.148100004
G7	3000.4	22.6	0.890399992	0.188199997
G8	3000.4	22.6	0.889699996	0.0792
G9	3000.4	22.6	0.928900003	0.238700002
A1	3300.4	22.8	0.346700013	0.137199998
A10	3300.4	22.8	0.348699987	0.140100002
A11	3300.4	22.8	0.452399999	0.129700005
A12	3300.4	22.8	0.4287	0.131500006
A2	3300.4	22.8	0.353700012	0.137899995
A3	3300.4	22.8	0.358099997	0.038800001
A4	3300.4	22.8	0.435600013	0.133599997
A5	3300.4	22.8	0.344399989	0.128299996
A6	3300.4	22.8	0.290300012	0.062700003
A7	3300.4	22.8	0.437700003	0.134000003
A8	3300.4	22.8	0.418300003	0.109499998
A9	3300.4	22.8	0.344500005	0.133499995
B1	3300.4	22.8	0.310600013	0.111599997
B10	3300.4	22.8	0.318500012	0.110699996
B11	3300.4	22.8	0.414600015	0.086099997
B12	3300.4	22.8	0.393999994	0.0845
B2	3300.4	22.8	0.334600002	0.109800003
B3	3300.4	22.8	0.415100008	0.106200002
B4	3300.4	22.8	0.418000013	0.109099999
B5	3300.4	22.8	0.329400003	0.111900002
B6	3300.4	22.8	0.325899988	0.107199997
B7	3300.4	22.8	0.389899999	0.101999998
B8	3300.4	22.8	0.413300008	0.108099997
B9	3300.4	22.8	0.325199991	0.110600002
C1	3300.4	22.8	0.746500015	0.097999997
C10	3300.4	22.8	0.757399976	0.113899998
C11	3300.4	22.8	0.818700016	0.103799999
C12	3300.4	22.8	0.808300018	0.108900003
C2	3300.4	22.8	0.751399994	0.102399997
C3	3300.4	22.8	0.800000012	0.096699998
C4	3300.4	22.8	0.806900024	0.104400001
C5	3300.4	22.8	0.760699987	0.115800001
C6	3300.4	22.8	0.761900008	0.114699997
C7	3300.4	22.8	0.814899981	0.1118
C8	3300.4	22.8	0.818899989	0.111000001
C9	3300.4	22.8	0.760999978	0.114100002
D1	3300.4	22.8	0.744400024	0.110699996
D10	3300.4	22.8	0.740700006	0.1008
D11	3300.4	22.8	0.799600005	0.101199999
D12	3300.4	22.8	0.787400007	0.084299996
D2	3300.4	22.8	0.75059998	0.112099998
D3	3300.4	22.8	0.797399998	0.104599997
D4	3300.4	22.8	0.799300015	0.107600003
D5	3300.4	22.8	0.752200007	0.108400002
D6	3300.4	22.8	0.734700024	0.092699997
D7	3300.4	22.8	0.789300025	0.0867
D8	3300.4	22.8	0.800700009	0.103600003
D9	3300.4	22.8	0.744400024	0.106299996
E1	3300.4	22.8	0.816799998	0.111699998
E10	3300.4	22.8	0.762600005	0.067299999
E11	3300.4	22.8	0.866699994	0.148000002
E12	3300.4	22.8	0.799000025	0.0288
E2	3300.4	22.8	0.718900025	0.108499996
E3	3300.4	22.8	0.842999995	0.120800003
E4	3300.4	22.8	0.821699977	0.139200002
E5	3300.4	22.8	0.799300015	0.137999997
E6	3300.4	22.8	0.835200012	0.095399998
E7	3300.4	22.8	0.875500023	0.139500007
E8	3300.4	22.8	0.842499971	0.190699995
E9	3300.4	22.8	0.787400007	0.086199999
F1	3300.4	22.8	0.817099988	0.112899996
F10	3300.4	22.8	0.887300014	0.0656
F11	3300.4	22.8	0.817799985	0.082000002
F12	3300.4	22.8	0.834500015	0.084700003
F2	3300.4	22.8	0.746399999	0.063199997
F3	3300.4	22.8	0.771499991	0.07
F4	3300.4	22.8	0.847899973	0.175099999
F5	3300.4	22.8	0.883300006	0.056200001
F6	3300.4	22.8	0.878799975	0.0603
F7	3300.4	22.8	0.880800009	0.080799997
F8	3300.4	22.8	0.92900002	0.129700005
F9	3300.4	22.8	0.888899982	0.066500001
G1	3300.4	22.8	0.764199972	0.097599998
G10	3300.4	22.8	0.846199989	0.0546
G11	3300.4	22.8	0.870100021	0.126100004
G12	3300.4	22.8	0.905300021	0.155200005
G15	3300.4	22.8	0.850199997	0.173299998
G2	3300.4	22.8	0.765500009	0.102300003
G3	3300.4	22.8	0.782100022	0.165700004
G5	3300.4	22.8	0.960300028	0.180099994
G6	3300.4	22.8	0.886900008	0.145899996
G7	3300.4	22.8	0.899800003	0.213599995
G8	3300.4	22.8	0.994899988	0.153999999
G9	3300.4	22.8	0.927200019	0.237100005
A1	3600.5	22.9	0.344900012	0.135199994
A10	3600.5	22.9	0.348800004	0.140100002
A11	3600.5	22.9	0.453000009	0.131500006
A12	3600.5	22.9	0.42899999	0.133399993
A2	3600.5	22.9	0.354099989	0.138600007
A3	3600.5	22.9	0.35679999	0.0418
A4	3600.5	22.9	0.436300009	0.134299994
A5	3600.5	22.9	0.337799996	0.121600002
A6	3600.5	22.9	0.292100012	0.064300001
A7	3600.5	22.9	0.438199997	0.1338
A8	3600.5	22.9	0.420300007	0.114600003
A9	3600.5	22.9	0.344999999	0.134000003
B1	3600.5	22.9	0.311500013	0.111199997
B10	3600.5	22.9	0.318800002	0.110100001
B11	3600.5	22.9	0.412900001	0.084700003
B12	3600.5	22.9	0.393099993	0.0854
B2	3600.5	22.9	0.335700005	0.108999997
B3	3600.5	22.9	0.413899988	0.105700001
B4	3600.5	22.9	0.418000013	0.109300002
B5	3600.5	22.9	0.32949999	0.1118
B6	3600.5	22.9	0.327600002	0.108099997
B7	3600.5	22.9	0.389999986	0.102300003
B8	3600.5	22.9	0.412999988	0.108199999
B9	3600.5	22.9	0.324900001	0.109999999
C1	3600.5	22.9	0.745500028	0.1008
C10	3600.5	22.9	0.757700026	0.113799997
C11	3600.5	22.9	0.818499982	0.103600003
C12	3600.5	22.9	0.808899999	0.108499996
C2	3600.5	22.9	0.752799988	0.102200001
C3	3600.5	22.9	0.801800013	0.096600004
C4	3600.5	22.9	0.808700025	0.1052
C5	3600.5	22.9	0.757499993	0.112499997
C6	3600.5	22.9	0.762000024	0.115000002
C7	3600.5	22.9	0.817600012	0.113700002
C8	3600.5	22.9	0.819899976	0.112499997
C9	3600.5	22.9	0.758000016	0.1109
D1	3600.5	22.9	0.744300008	0.112000003
D10	3600.5	22.9	0.740100026	0.102499999
D11	3600.5	22.9	0.801199973	0.0999
D12	3600.5	22.9	0.787500024	0.0854
D2	3600.5	22.9	0.751800001	0.113399997
D3	3600.5	22.9	0.798500001	0.105599999
D4	3600.5	22.9	0.800700009	0.1096
D5	3600.5	22.9	0.752399981	0.112300001
D6	3600.5	22.9	0.736800015	0.091700003
D7	3600.5	22.9	0.789300025	0.090300001
D8	3600.5	22.9	0.801199973	0.104599997
D9	3600.5	22.9	0.745299995	0.107299998
E1	3600.5	22.9	0.818799973	0.114100002
E10	3600.5	22.9	0.761500001	0.071599998
E11	3600.5	22.9	0.865700006	0.148499995
E12	3600.5	22.9	0.796999991	0.0284
E2	3600.5	22.9	0.721899986	0.110399999
E3	3600.5	22.9	0.841000021	0.1149
E4	3600.5	22.9	0.820200026	0.136700004
E5	3600.5	22.9	0.790400028	0.135700002
E6	3600.5	22.9	0.831799984	0.098999999
E7	3600.5	22.9	0.876100004	0.142199993
E8	3600.5	22.9	0.843200028	0.188099995
E9	3600.5	22.9	0.785099983	0.083099999
F1	3600.5	22.9	0.817200005	0.114500001
F10	3600.5	22.9	0.883700013	0.066500001
F11	3600.5	22.9	0.817799985	0.0814
F12	3600.5	22.9	0.829200029	0.079499997
F2	3600.5	22.9	0.747500002	0.067500003
F3	3600.5	22.9	0.770099998	0.0634
F4	3600.5	22.9	0.863600016	0.0845
F5	3600.5	22.9	0.881900012	0.061500002
F6	3600.5	22.9	0.879400015	0.071999997
F7	3600.5	22.9	0.880699992	0.085699998
F8	3600.5	22.9	0.926199973	0.127299994
F9	3600.5	22.9	0.885599971	0.067500003
G1	3600.5	22.9	0.764500022	0.100900002
G10	3600.5	22.9	0.848100007	0.053300001
G11	3600.5	22.9	0.930999994	0.211199999
G12	3600.5	22.9	0.906400025	0.155200005
G16	3600.5	22.9	0.851999998	0.171399996
G2	3600.5	22.9	0.766700029	0.106200002
G3	3600.5	22.9	0.790400028	0.136500001
G5	3600.5	22.9	0.967199981	0.179299995
G6	3600.5	22.9	0.883099973	0.151999995
G7	3600.5	22.9	0.901499987	0.212899998
G8	3600.5	22.9	0.973999977	0.058400001
G9	3600.5	22.9	0.925499976	0.089199997
A1	3900.5	23	0.344300002	0.134900004
A10	3900.5	23	0.3486	0.141100004
A11	3900.5	23	0.451799989	0.131099999
A12	3900.5	23	0.42750001	0.133399993
A2	3900.5	23	0.353100002	0.1382
A3	3900.5	23	0.356000006	0.041499998
A4	3900.5	23	0.43720001	0.136000007
A5	3900.5	23	0.344900012	0.128900006
A6	3900.5	23	0.288700014	0.060699999
A7	3900.5	23	0.4375	0.136500001
A8	3900.5	23	0.418799996	0.114200003
A9	3900.5	23	0.344799995	0.133699998
B1	3900.5	23	0.311100006	0.109899998
B10	3900.5	23	0.319099993	0.111199997
B11	3900.5	23	0.41049999	0.082800001
B12	3900.5	23	0.39199999	0.084600002
B2	3900.5	23	0.336499989	0.110299997
B3	3900.5	23	0.416299999	0.103600003
B4	3900.5	23	0.417100012	0.108800001
B5	3900.5	23	0.3292	0.1118
B6	3900.5	23	0.327600002	0.108199999
B7	3900.5	23	0.389200002	0.102499999
B8	3900.5	23	0.412400007	0.108499996
B9	3900.5	23	0.325599998	0.110799998
C1	3900.5	23	0.744199991	0.100000001
C10	3900.5	23	0.755699992	0.112199999
C11	3900.5	23	0.819599986	0.105400003
C12	3900.5	23	0.806900024	0.110299997
C2	3900.5	23	0.752499998	0.101400003
C3	3900.5	23	0.799199998	0.099100001
C4	3900.5	23	0.808600008	0.1052
C5	3900.5	23	0.757099986	0.114200003
C6	3900.5	23	0.762300014	0.117700003
C7	3900.5	23	0.815599978	0.113300003
C8	3900.5	23	0.817799985	0.111599997
C9	3900.5	23	0.756600022	0.108999997
D1	3900.5	23	0.743700027	0.1109
D10	3900.5	23	0.741400003	0.101000004
D11	3900.5	23	0.799300015	0.1021
D12	3900.5	23	0.784799993	0.086599998
D2	3900.5	23	0.752499998	0.115699999
D3	3900.5	23	0.801199973	0.109800003
D4	3900.5	23	0.801299989	0.110699996
D5	3900.5	23	0.752200007	0.111500002
D6	3900.5	23	0.73360002	0.093500003
D7	3900.5	23	0.789799988	0.091499999
D8	3900.5	23	0.800800025	0.104999997
D9	3900.5	23	0.745500028	0.108199999
E1	3900.5	23	0.815199971	0.109899998
E10	3900.5	23	0.759500027	0.073600002
E11	3900.5	23	0.865700006	0.147699997
E12	3900.5	23	0.79549998	0.0253
E2	3900.5	23	0.722800016	0.111500002
E3	3900.5	23	0.840300024	0.117299996
E4	3900.5	23	0.816600025	0.138400003
E5	3900.5	23	0.788299978	0.136700004
E6	3900.5	23	0.831200004	0.105300002
E7	3900.5	23	0.87470001	0.145799994
E8	3900.5	23	0.843999982	0.1963
E9	3900.5	23	0.784699976	0.084700003
F1	3900.5	23	0.814499974	0.112400003
F10	3900.5	23	0.882499993	0.067000002
F11	3900.5	23	0.817799985	0.084700003
F12	3900.5	23	0.829699993	0.082199998
F2	3900.5	23	0.746599972	0.0634
F3	3900.5	23	0.770399988	0.062899999
F4	3900.5	23	0.855000019	0.085000001
F5	3900.5	23	0.881799996	0.058800001
F6	3900.5	23	0.879400015	0.064800002
F7	3900.5	23	0.877200007	0.083999999
F8	3900.5	23	0.927999973	0.126100004
F9	3900.5	23	0.88499999	0.0638
G1	3900.5	23	0.765299976	0.098700002
G10	3900.5	23	0.901799977	0.225299999
G11	3900.5	23	0.938000023	0.209999993
G12	3900.5	23	0.904100001	0.154799998
G17	3900.5	23	0.851300001	0.177300006
G2	3900.5	23	0.764800012	0.1021
G3	3900.5	23	0.780200005	0.158700004
G5	3900.5	23	0.968500018	0.181899995
G6	3900.5	23	0.877499998	0.156100005
G7	3900.5	23	0.90200001	0.207499996
G8	3900.5	23	0.970000029	0.0469
G9	3900.5	23	0.926199973	0.092399999
A1	4200.5	23.1	0.343100011	0.134900004
A10	4200.5	23.1	0.3486	0.140499994
A11	4200.5	23.1	0.451599985	0.132499993
A12	4200.5	23.1	0.425799996	0.131699994
A2	4200.5	23.1	0.354099989	0.139699996
A3	4200.5	23.1	0.364100009	0.050999999
A4	4200.5	23.1	0.438600004	0.137799993
A5	4200.5	23.1	0.338499993	0.122900002
A6	4200.5	23.1	0.284500003	0.056299999
A7	4200.5	23.1	0.436199993	0.135199994
A8	4200.5	23.1	0.420100003	0.117899999
A9	4200.5	23.1	0.345299989	0.134900004
B1	4200.5	23.1	0.31400001	0.108499996
B10	4200.5	23.1	0.320600003	0.111599997
B11	4200.5	23.1	0.4111	0.081799999
B12	4200.5	23.1	0.389499992	0.082400002
B2	4200.5	23.1	0.336299986	0.1105
B3	4200.5	23.1	0.412900001	0.106299996
B4	4200.5	23.1	0.415800005	0.109200001
B5	4200.5	23.1	0.328799993	0.111199997
B6	4200.5	23.1	0.327699989	0.109200001
B7	4200.5	23.1	0.388599992	0.103399999
B8	4200.5	23.1	0.412499994	0.109099999
B9	4200.5	23.1	0.325800002	0.1109
C1	4200.5	23.1	0.744899988	0.100400001
C10	4200.5	23.1	0.757499993	0.114799999
C11	4200.5	23.1	0.822300017	0.104599997
C12	4200.5	23.1	0.807500005	0.1083
C2	4200.5	23.1	0.751100004	0.101599999
C3	4200.5	23.1	0.801800013	0.096000001
C4	4200.5	23.1	0.807900012	0.106399998
C5	4200.5	23.1	0.758599997	0.113399997
C6	4200.5	23.1	0.759299994	0.113200001
C7	4200.5	23.1	0.814599991	0.115099996
C8	4200.5	23.1	0.818899989	0.114500001
C9	4200.5	23.1	0.759000003	0.111400001
D1	4200.5	23.1	0.744300008	0.1127
D10	4200.5	23.1	0.739899993	0.102200001
D11	4200.5	23.1	0.800800025	0.100599997
D12	4200.5	23.1	0.787500024	0.084799998
D2	4200.5	23.1	0.752300024	0.115199998
D3	4200.5	23.1	0.800000012	0.109300002
D4	4200.5	23.1	0.799899995	0.111400001
D5	4200.5	23.1	0.752399981	0.113399997
D6	4200.5	23.1	0.733299971	0.095299996
D7	4200.5	23.1	0.788500011	0.091799997
D8	4200.5	23.1	0.800800025	0.105099998
D9	4200.5	23.1	0.744400024	0.108400002
E1	4200.5	23.1	0.811800003	0.107199997
E10	4200.5	23.1	0.755400002	0.061799999
E11	4200.5	23.1	0.865400016	0.156000003
E12	4200.5	23.1	0.798900008	0.0287
E2	4200.5	23.1	0.721000016	0.111199997
E3	4200.5	23.1	0.840399981	0.118100002
E4	4200.5	23.1	0.819199979	0.137600005
E5	4200.5	23.1	0.788699985	0.135399997
E6	4200.5	23.1	0.828499973	0.102799997
E7	4200.5	23.1	0.876800001	0.140900001
E8	4200.5	23.1	0.844099998	0.191
E9	4200.5	23.1	0.783699989	0.086800002
F1	4200.5	23.1	0.815400004	0.115000002
F10	4200.5	23.1	0.881099999	0.066799998
F11	4200.5	23.1	0.815699995	0.083499998
F12	4200.5	23.1	0.826699972	0.076800004
F2	4200.5	23.1	0.746900022	0.066
F3	4200.5	23.1	0.770600021	0.064400002
F4	4200.5	23.1	0.843200028	0.173500001
F5	4200.5	23.1	0.878300011	0.055399999
F6	4200.5	23.1	0.876699984	0.061999999
F7	4200.5	23.1	0.876100004	0.085900001
F8	4200.5	23.1	0.926800013	0.121799998
F9	4200.5	23.1	0.88349998	0.060600001
G1	4200.5	23.1	0.766300023	0.097099997
G10	4200.5	23.1	0.871900022	0.111699998
G11	4200.5	23.1	0.934300005	0.212400004
G12	4200.5	23.1	0.903299987	0.156800002
G18	4200.5	23.1	0.850600004	0.176100001
G2	4200.5	23.1	0.766099989	0.104699999
G3	4200.5	23.1	0.780300021	0.159799993
G5	4200.5	23.1	0.967199981	0.179700002
G6	4200.5	23.1	0.880900025	0.152799994
G7	4200.5	23.1	0.903100014	0.210600004
G8	4200.5	23.1	0.982500017	0.082599998
G9	4200.5	23.1	0.92869997	0.238199994
A1	4500.6	23.2	0.344399989	0.135800004
A10	4500.6	23.2	0.34920001	0.1426
A11	4500.6	23.2	0.452699989	0.134499997
A12	4500.6	23.2	0.425900012	0.132300004
A2	4500.6	23.2	0.352499992	0.137999997
A3	4500.6	23.2	0.3574	0.046599999
A4	4500.6	23.2	0.437099993	0.137600005
A5	4500.6	23.2	0.345800012	0.130899996
A6	4500.6	23.2	0.283399999	0.055500001
A7	4500.6	23.2	0.435400009	0.134900004
A8	4500.6	23.2	0.4199	0.1197
A9	4500.6	23.2	0.344900012	0.134900004
B1	4500.6	23.2	0.312299997	0.111699998
B10	4500.6	23.2	0.319099993	0.111900002
B11	4500.6	23.2	0.409399986	0.079899997
B12	4500.6	23.2	0.388200015	0.082999997
B2	4500.6	23.2	0.336199999	0.109800003
B3	4500.6	23.2	0.413300008	0.108199999
B4	4500.6	23.2	0.415100008	0.108999997
B5	4500.6	23.2	0.32980001	0.111500002
B6	4500.6	23.2	0.327699989	0.1096
B7	4500.6	23.2	0.387300014	0.101899996
B8	4500.6	23.2	0.412	0.109200001
B9	4500.6	23.2	0.325500011	0.111400001
C1	4500.6	23.2	0.743300021	0.097999997
C10	4500.6	23.2	0.755999982	0.114200003
C11	4500.6	23.2	0.82099998	0.106399998
C12	4500.6	23.2	0.806500018	0.108999997
C2	4500.6	23.2	0.750899971	0.102499999
C3	4500.6	23.2	0.799399972	0.097800002
C4	4500.6	23.2	0.807399988	0.106700003
C5	4500.6	23.2	0.758700013	0.113600001
C6	4500.6	23.2	0.761399984	0.117899999
C7	4500.6	23.2	0.815699995	0.114100002
C8	4500.6	23.2	0.817700028	0.115099996
C9	4500.6	23.2	0.758400023	0.114600003
D1	4500.6	23.2	0.743799984	0.111000001
D10	4500.6	23.2	0.741100013	0.104000002
D11	4500.6	23.2	0.798600018	0.102600001
D12	4500.6	23.2	0.785899997	0.088799998
D2	4500.6	23.2	0.754800022	0.115599997
D3	4500.6	23.2	0.801100016	0.111000001
D4	4500.6	23.2	0.802200019	0.112499997
D5	4500.6	23.2	0.751900017	0.112499997
D6	4500.6	23.2	0.733099997	0.095899999
D7	4500.6	23.2	0.78549999	0.088799998
D8	4500.6	23.2	0.802600026	0.107600003
D9	4500.6	23.2	0.744700015	0.108900003
E1	4500.6	23.2	0.818300009	0.104999997
E10	4500.6	23.2	0.762199998	0.071199998
E11	4500.6	23.2	0.86500001	0.156000003
E12	4500.6	23.2	0.799000025	0.0288
E2	4500.6	23.2	0.720899999	0.106899999
E3	4500.6	23.2	0.84009999	0.116899997
E4	4500.6	23.2	0.815999985	0.141100004
E5	4500.6	23.2	0.787	0.137799993
E6	4500.6	23.2	0.82889998	0.108099997
E7	4500.6	23.2	0.87470001	0.152600005
E8	4500.6	23.2	0.843400002	0.176599994
E9	4500.6	23.2	0.786199987	0.088500001
F1	4500.6	23.2	0.813199997	0.112599999
F10	4500.6	23.2	0.881600022	0.068099998
F11	4500.6	23.2	0.818199992	0.083700001
F12	4500.6	23.2	0.826099992	0.075000003
F2	4500.6	23.2	0.750199974	0.073200002
F3	4500.6	23.2	0.773699999	0.075499997
F4	4500.6	23.2	0.85619998	0.084100001
F5	4500.6	23.2	0.89319998	0.101999998
F6	4500.6	23.2	0.877799988	0.074699998
F7	4500.6	23.2	0.876699984	0.086000003
F8	4500.6	23.2	0.922999978	0.120999999
F9	4500.6	23.2	0.88319999	0.062399998
G1	4500.6	23.2	0.762300014	0.101300001
G10	4500.6	23.2	0.875100017	0.1153
G11	4500.6	23.2	0.937099993	0.210899994
G12	4500.6	23.2	0.901000023	0.151700005
G19	4500.6	23.2	0.853200018	0.195700005
G2	4500.6	23.2	0.76639998	0.104800001
G3	4500.6	23.2	0.779600024	0.160899997
G5	4500.6	23.2	0.968800008	0.172000006
G6	4500.6	23.2	0.880800009	0.154100001
G7	4500.6	23.2	0.90079999	0.207399994
G8	4500.6	23.2	0.988699973	0.1087
G9	4500.6	23.2	0.927200019	0.220899999
A1	4800.6	23.3	0.344199985	0.135700002
A10	4800.6	23.3	0.34799999	0.140499994
A11	4800.6	23.3	0.452899992	0.135499999
A12	4800.6	23.3	0.425599992	0.135299996
A2	4800.6	23.3	0.352800012	0.137700006
A3	4800.6	23.3	0.353799999	0.041999999
A4	4800.6	23.3	0.43689999	0.139200002
A5	4800.6	23.3	0.336299986	0.119900003
A6	4800.6	23.3	0.285400003	0.058200002
A7	4800.6	23.3	0.434700012	0.135800004
A8	4800.6	23.3	0.419	0.119400002
A9	4800.6	23.3	0.345299989	0.135399997
B1	4800.6	23.3	0.313199997	0.1105
B10	4800.6	23.3	0.319700003	0.1118
B11	4800.6	23.3	0.408899993	0.081200004
B12	4800.6	23.3	0.387899995	0.083300002
B2	4800.6	23.3	0.335900009	0.110200003
B3	4800.6	23.3	0.412800014	0.108000003
B4	4800.6	23.3	0.414900005	0.110299997
B5	4800.6	23.3	0.329600006	0.112499997
B6	4800.6	23.3	0.327899992	0.109099999
B7	4800.6	23.3	0.387400001	0.101099998
B8	4800.6	23.3	0.41080001	0.110100001
B9	4800.6	23.3	0.326099992	0.111100003
C1	4800.6	23.3	0.745700002	0.1008
C10	4800.6	23.3	0.756900012	0.114
C11	4800.6	23.3	0.819299996	0.1087
C12	4800.6	23.3	0.806299984	0.111000001
C2	4800.6	23.3	0.75	0.101999998
C3	4800.6	23.3	0.799700022	0.098099999
C4	4800.6	23.3	0.806500018	0.105800003
C5	4800.6	23.3	0.757200003	0.115900002
C6	4800.6	23.3	0.760800004	0.115400001
C7	4800.6	23.3	0.814800024	0.112999998
C8	4800.6	23.3	0.816500008	0.114500001
C9	4800.6	23.3	0.758099973	0.112599999
D1	4800.6	23.3	0.745999992	0.113300003
D10	4800.6	23.3	0.74150002	0.103600003
D11	4800.6	23.3	0.797100008	0.099200003
D12	4800.6	23.3	0.787500024	0.088100001
D2	4800.6	23.3	0.751699984	0.114600003
D3	4800.6	23.3	0.799000025	0.108099997
D4	4800.6	23.3	0.801900029	0.112800002
D5	4800.6	23.3	0.750999987	0.112800002
D6	4800.6	23.3	0.738300025	0.102300003
D7	4800.6	23.3	0.790899992	0.094499998
D8	4800.6	23.3	0.80339998	0.110100001
D9	4800.6	23.3	0.746599972	0.110600002
E1	4800.6	23.3	0.810500026	0.101000004
E10	4800.6	23.3	0.759199977	0.064900003
E11	4800.6	23.3	0.863399982	0.158000007
E12	4800.6	23.3	0.796700001	0.0276
E2	4800.6	23.3	0.721499979	0.110699996
E3	4800.6	23.3	0.840300024	0.127499998
E4	4800.6	23.3	0.806400001	0.1373
E5	4800.6	23.3	0.769400001	0.1373
E6	4800.6	23.3	0.825800002	0.115400001
E7	4800.6	23.3	0.873300016	0.144299999
E8	4800.6	23.3	0.843299985	0.194499999
E9	4800.6	23.3	0.78549999	0.0858
F1	4800.6	23.3	0.81309998	0.113600001
F10	4800.6	23.3	0.904200017	0.104000002
F11	4800.6	23.3	0.814100027	0.085199997
F12	4800.6	23.3	0.823300004	0.074199997
F2	4800.6	23.3	0.750899971	0.073799998
F3	4800.6	23.3	0.776799977	0.075499997
F4	4800.6	23.3	0.859399974	0.087200001
F5	4800.6	23.3	0.896899998	0.103699997
F6	4800.6	23.3	0.876800001	0.0814
F7	4800.6	23.3	0.860499978	0.090599999
F8	4800.6	23.3	0.921500027	0.123199999
F9	4800.6	23.3	0.882300019	0.065499999
G1	4800.6	23.3	0.760800004	0.103500001
G10	4800.6	23.3	0.871500015	0.121699996
G11	4800.6	23.3	0.934499979	0.212799996
G12	4800.6	23.3	0.902899981	0.153300002
G2	4800.6	23.3	0.764999986	0.107900001
G20	4800.6	23.3	0.854300022	0.194900006
G3	4800.6	23.3	0.77700001	0.150600001
G5	4800.6	23.3	0.966600001	0.163499996
G6	4800.6	23.3	0.877399981	0.156599998
G7	4800.6	23.3	0.899600029	0.201199993
G8	4800.6	23.3	0.979600012	0.080200002
G9	4800.6	23.3	0.922800004	0.213499993
A1	5100.6	23.3	0.342900008	0.135600001
A10	5100.6	23.3	0.349000007	0.141499996
A11	5100.6	23.3	0.452499986	0.136299998
A12	5100.6	23.3	0.425999999	0.135800004
A2	5100.6	23.3	0.353599995	0.139300004
A3	5100.6	23.3	0.36559999	0.054699998
A4	5100.6	23.3	0.437999994	0.138600007
A5	5100.6	23.3	0.336299986	0.120499998
A6	5100.6	23.3	0.282000005	0.0539
A7	5100.6	23.3	0.434199989	0.135900006
A8	5100.6	23.3	0.417800009	0.117399998
A9	5100.6	23.3	0.345200002	0.136600003
B1	5100.6	23.3	0.31400001	0.109099999
B10	5100.6	23.3	0.320100009	0.112300001
B11	5100.6	23.3	0.406800002	0.079700001
B12	5100.6	23.3	0.385399997	0.080700003
B2	5100.6	23.3	0.335399985	0.1109
B3	5100.6	23.3	0.415300012	0.106600001
B4	5100.6	23.3	0.415499985	0.1109
B5	5100.6	23.3	0.330900013	0.113499999
B6	5100.6	23.3	0.328500003	0.1109
B7	5100.6	23.3	0.388500005	0.104000002
B8	5100.6	23.3	0.411799997	0.1105
B9	5100.6	23.3	0.324900001	0.111699998
C1	5100.6	23.3	0.745800018	0.099699996
C10	5100.6	23.3	0.754100025	0.112599999
C11	5100.6	23.3	0.817799985	0.107299998
C12	5100.6	23.3	0.806599975	0.110399999
C2	5100.6	23.3	0.750699997	0.103299998
C3	5100.6	23.3	0.799499989	0.099699996
C4	5100.6	23.3	0.807299972	0.107000001
C5	5100.6	23.3	0.756900012	0.116499998
C6	5100.6	23.3	0.759000003	0.115000002
C7	5100.6	23.3	0.812699974	0.114399999
C8	5100.6	23.3	0.817300022	0.114600003
C9	5100.6	23.3	0.75910002	0.115500003
D1	5100.6	23.3	0.743399978	0.112099998
D10	5100.6	23.3	0.740100026	0.103299998
D11	5100.6	23.3	0.798600018	0.102200001
D12	5100.6	23.3	0.787899971	0.087300003
D2	5100.6	23.3	0.755200028	0.120099999
D3	5100.6	23.3	0.800700009	0.109099999
D4	5100.6	23.3	0.802399993	0.112999998
D5	5100.6	23.3	0.754599988	0.115400001
D6	5100.6	23.3	0.733900011	0.097000003
D7	5100.6	23.3	0.790000021	0.095100001
D8	5100.6	23.3	0.806299984	0.113799997
D9	5100.6	23.3	0.746500015	0.111100003
E1	5100.6	23.3	0.809499979	0.107299998
E10	5100.6	23.3	0.755200028	0.059300002
E11	5100.6	23.3	0.863200009	0.158099994
E12	5100.6	23.3	0.800999999	0.030200001
E2	5100.6	23.3	0.72240001	0.112499997
E3	5100.6	23.3	0.835500002	0.122000001
E4	5100.6	23.3	0.804899991	0.141900003
E5	5100.6	23.3	0.770200014	0.139799997
E6	5100.6	23.3	0.826900005	0.118600003
E7	5100.6	23.3	0.873300016	0.157700002
E8	5100.6	23.3	0.842999995	0.196400002
E9	5100.6	23.3	0.787999988	0.096100003
F1	5100.6	23.3	0.811600029	0.1162
F10	5100.6	23.3	0.901600003	0.1052
F11	5100.6	23.3	0.814899981	0.0845
F12	5100.6	23.3	0.822600007	0.073600002
F2	5100.6	23.3	0.748700023	0.0678
F3	5100.6	23.3	0.775099993	0.073200002
F4	5100.6	23.3	0.853100002	0.170000002
F5	5100.6	23.3	0.892799973	0.100699998
F6	5100.6	23.3	0.875100017	0.077100001
F7	5100.6	23.3	0.862399995	0.092100002
F8	5100.6	23.3	0.918799996	0.118600003
F9	5100.6	23.3	0.879000008	0.061999999
G1	5100.6	23.3	0.76639998	0.100900002
G10	5100.6	23.3	0.871299982	0.124499999
G11	5100.6	23.3	0.938000023	0.218600005
G12	5100.6	23.3	0.900300026	0.148399994
G2	5100.6	23.3	0.767400026	0.104400001
G21	5100.6	23.3	0.878700018	0.179800004
G3	5100.6	23.3	0.790400028	0.149700001
G5	5100.6	23.3	0.960200012	0.157499999
G6	5100.6	23.3	0.872799993	0.161599994
G7	5100.6	23.3	0.90109998	0.204899997
G8	5100.6	23.3	0.984099984	0.098099999
G9	5100.6	23.3	0.941500008	0.151700005
A1	5400.7	23.4	0.344399989	0.138400003
A10	5400.7	23.4	0.349900007	0.142900005
A11	5400.7	23.4	0.452699989	0.136500001
A12	5400.7	23.4	0.425999999	0.137799993
A2	5400.7	23.4	0.352400005	0.138600007
A3	5400.7	23.4	0.362599999	0.055100001
A4	5400.7	23.4	0.436300009	0.140000001
A5	5400.7	23.4	0.327199996	0.109800003
A6	5400.7	23.4	0.281199992	0.052900001
A7	5400.7	23.4	0.433200002	0.136399999
A8	5400.7	23.4	0.418900013	0.121100001
A9	5400.7	23.4	0.345899999	0.137500003
B1	5400.7	23.4	0.313300014	0.109899998
B10	5400.7	23.4	0.319499999	0.113799997
B11	5400.7	23.4	0.405600011	0.076700002
B12	5400.7	23.4	0.384200007	0.0801
B2	5400.7	23.4	0.336100012	0.111699998
B3	5400.7	23.4	0.413599998	0.103600003
B4	5400.7	23.4	0.414099991	0.110299997
B5	5400.7	23.4	0.330199987	0.113700002
B6	5400.7	23.4	0.328900009	0.111000001
B7	5400.7	23.4	0.387199998	0.103500001
B8	5400.7	23.4	0.409799993	0.109499998
B9	5400.7	23.4	0.325899988	0.113200001
C1	5400.7	23.4	0.743499994	0.100100003
C10	5400.7	23.4	0.753300011	0.114799999
C11	5400.7	23.4	0.817099988	0.107199997
C12	5400.7	23.4	0.803600013	0.109099999
C2	5400.7	23.4	0.749800026	0.102600001
C3	5400.7	23.4	0.796299994	0.099200003
C4	5400.7	23.4	0.805999994	0.105400003
C5	5400.7	23.4	0.755800009	0.115400001
C6	5400.7	23.4	0.7579	0.117399998
C7	5400.7	23.4	0.813899994	0.115400001
C8	5400.7	23.4	0.815100014	0.114799999
C9	5400.7	23.4	0.757200003	0.114200003
D1	5400.7	23.4	0.743200004	0.114
D10	5400.7	23.4	0.740700006	0.103799999
D11	5400.7	23.4	0.797599971	0.100500003
D12	5400.7	23.4	0.784500003	0.087800004
D2	5400.7	23.4	0.754400015	0.118699998
D3	5400.7	23.4	0.800999999	0.111500002
D4	5400.7	23.4	0.802100003	0.114500001
D5	5400.7	23.4	0.754100025	0.116499998
D6	5400.7	23.4	0.733399987	0.098099999
D7	5400.7	23.4	0.790400028	0.095700003
D8	5400.7	23.4	0.807399988	0.116700001
D9	5400.7	23.4	0.744499981	0.109300002
E1	5400.7	23.4	0.810400009	0.103699997
E10	5400.7	23.4	0.755800009	0.060199998
E11	5400.7	23.4	0.861400008	0.161400005
E12	5400.7	23.4	0.799399972	0.031099999
E2	5400.7	23.4	0.7245	0.117399998
E3	5400.7	23.4	0.835799992	0.130899996
E4	5400.7	23.4	0.80430001	0.146500006
E5	5400.7	23.4	0.774399996	0.145199999
E6	5400.7	23.4	0.824999988	0.115900002
E7	5400.7	23.4	0.874499977	0.150800005
E8	5400.7	23.4	0.843999982	0.200299993
E9	5400.7	23.4	0.78490001	0.085500002
F1	5400.7	23.4	0.813000023	0.117899999
F10	5400.7	23.4	0.901799977	0.106700003
F11	5400.7	23.4	0.813899994	0.083800003
F12	5400.7	23.4	0.82160002	0.070600003
F2	5400.7	23.4	0.747600019	0.066399999
F3	5400.7	23.4	0.773500025	0.069399998
F4	5400.7	23.4	0.842100024	0.092299998
F5	5400.7	23.4	0.890200019	0.105300002
F6	5400.7	23.4	0.888499975	0.101499997
F7	5400.7	23.4	0.860000014	0.092900001
F8	5400.7	23.4	0.917500019	0.120099999
F9	5400.7	23.4	0.904299974	0.103500001
G1	5400.7	23.4	0.767199993	0.095299996
G10	5400.7	23.4	0.871800005	0.127800003
G11	5400.7	23.4	0.935100019	0.215700001
G12	5400.7	23.4	0.898699999	0.148599997
G2	5400.7	23.4	0.767499983	0.102899998
G22	5400.7	23.4	0.851000011	0.185800001
G3	5400.7	23.4	0.781300008	0.156000003
G5	5400.7	23.4	0.966000021	0.159600005
G6	5400.7	23.4	0.868099988	0.165099993
G7	5400.7	23.4	0.897700012	0.193000004
G8	5400.7	23.4	0.962599993	0.1602
G9	5400.7	23.4	0.936699986	0.194299996
A1	5700.7	23.4	0.342400014	0.135000005
A10	5700.7	23.4	0.348800004	0.143099993
A11	5700.7	23.4	0.452399999	0.135800004
A12	5700.7	23.4	0.425599992	0.1391
A2	5700.7	23.4	0.353199989	0.138999999
A3	5700.7	23.4	0.356000006	0.0495
A4	5700.7	23.4	0.433600008	0.137700006
A5	5700.7	23.4	0.338999987	0.123599999
A6	5700.7	23.4	0.282499999	0.055
A7	5700.7	23.4	0.433499992	0.136399999
A8	5700.7	23.4	0.417699993	0.121699996
A9	5700.7	23.4	0.345899999	0.138400003
B1	5700.7	23.4	0.31279999	0.111100003
B10	5700.7	23.4	0.320199996	0.113399997
B11	5700.7	23.4	0.403299987	0.077799998
B12	5700.7	23.4	0.383100003	0.080600001
B2	5700.7	23.4	0.336199999	0.111100003
B3	5700.7	23.4	0.410699993	0.107100002
B4	5700.7	23.4	0.414799988	0.1118
B5	5700.7	23.4	0.328900009	0.112400003
B6	5700.7	23.4	0.329699993	0.111299999
B7	5700.7	23.4	0.387300014	0.104999997
B8	5700.7	23.4	0.41049999	0.110100001
B9	5700.7	23.4	0.326200008	0.112199999
C1	5700.7	23.4	0.741900027	0.100699998
C10	5700.7	23.4	0.753499985	0.114500001
C11	5700.7	23.4	0.818300009	0.107799999
C12	5700.7	23.4	0.805800021	0.111400001
C2	5700.7	23.4	0.750899971	0.101199999
C3	5700.7	23.4	0.798699975	0.099200003
C4	5700.7	23.4	0.806800008	0.109399997
C5	5700.7	23.4	0.757399976	0.116999999
C6	5700.7	23.4	0.7579	0.114399999
C7	5700.7	23.4	0.811500013	0.113799997
C8	5700.7	23.4	0.816699982	0.116400003
C9	5700.7	23.4	0.757200003	0.115699999
D1	5700.7	23.4	0.746900022	0.114799999
D10	5700.7	23.4	0.739700019	0.103299998
D11	5700.7	23.4	0.796000004	0.100699998
D12	5700.7	23.4	0.787199974	0.090999998
D2	5700.7	23.4	0.753799975	0.1175
D3	5700.7	23.4	0.801999986	0.112000003
D4	5700.7	23.4	0.801400006	0.115199998
D5	5700.7	23.4	0.753499985	0.114500001
D6	5700.7	23.4	0.735000014	0.098899998
D7	5700.7	23.4	0.786800027	0.092600003
D8	5700.7	23.4	0.809199989	0.1175
D9	5700.7	23.4	0.747900009	0.114500001
E1	5700.7	23.4	0.806500018	0.090499997
E10	5700.7	23.4	0.753799975	0.058400001
E11	5700.7	23.4	0.861999989	0.158700004
E12	5700.7	23.4	0.80339998	0.034400001
E2	5700.7	23.4	0.723100007	0.109899998
E3	5700.7	23.4	0.837000012	0.125300005
E4	5700.7	23.4	0.807699978	0.148100004
E5	5700.7	23.4	0.774699986	0.145899996
E6	5700.7	23.4	0.824699998	0.113499999
E7	5700.7	23.4	0.872399986	0.153999999
E8	5700.7	23.4	0.844900012	0.185499996
E9	5700.7	23.4	0.787400007	0.097800002
F1	5700.7	23.4	0.812399983	0.117600001
F10	5700.7	23.4	0.879000008	0.065200001
F11	5700.7	23.4	0.813399971	0.087700002
F12	5700.7	23.4	0.819700003	0.072499998
F2	5700.7	23.4	0.751299977	0.070299998
F3	5700.7	23.4	0.773999989	0.066399999
F4	5700.7	23.4	0.842499971	0.088
F5	5700.7	23.4	0.89289999	0.105999999
F6	5700.7	23.4	0.881900012	0.101000004
F7	5700.7	23.4	0.863099992	0.092500001
F8	5700.7	23.4	0.929099977	0.105099998
F9	5700.7	23.4	0.903400004	0.106299996
G1	5700.7	23.4	0.768599987	0.095100001
G10	5700.7	23.4	0.872699976	0.135199994
G11	5700.7	23.4	0.93720001	0.208700001
G12	5700.7	23.4	0.897599995	0.147
G2	5700.7	23.4	0.768299997	0.104400001
G23	5700.7	23.4	0.853100002	0.205500007
G3	5700.7	23.4	0.780200005	0.150900006
G5	5700.7	23.4	0.956900001	0.149100006
G6	5700.7	23.4	0.872699976	0.168200001
G7	5700.7	23.4	0.894800007	0.188500002
G8	5700.7	23.4	0.959399998	0.165700004
G9	5700.7	23.4	0.915400028	0.193100005
A1	6000.7	23.5	0.342799991	0.136999995
A10	6000.7	23.5	0.348699987	0.142499998
A11	6000.7	23.5	0.453299999	0.138600007
A12	6000.7	23.5	0.425599992	0.138600007
A2	6000.7	23.5	0.352699995	0.139300004
A3	6000.7	23.5	0.351399988	0.046100002
A4	6000.7	23.5	0.433200002	0.1382
A5	6000.7	23.5	0.346399993	0.133000001
A6	6000.7	23.5	0.2852	0.0579
A7	6000.7	23.5	0.432700008	0.136500001
A8	6000.7	23.5	0.415699989	0.119400002
A9	6000.7	23.5	0.345999986	0.1373
B1	6000.7	23.5	0.314200014	0.109700002
B10	6000.7	23.5	0.319900006	0.113700002
B11	6000.7	23.5	0.403200001	0.077399999
B12	6000.7	23.5	0.38350001	0.080600001
B2	6000.7	23.5	0.337199986	0.109899998
B3	6000.7	23.5	0.407900006	0.098899998
B4	6000.7	23.5	0.414200008	0.111100003
B5	6000.7	23.5	0.330000013	0.1131
B6	6000.7	23.5	0.329699993	0.112099998
B7	6000.7	23.5	0.387800008	0.104000002
B8	6000.7	23.5	0.408399999	0.110399999
B9	6000.7	23.5	0.325300008	0.111000001
C1	6000.7	23.5	0.74119997	0.101800002
C10	6000.7	23.5	0.754899979	0.114600003
C11	6000.7	23.5	0.818599999	0.1109
C12	6000.7	23.5	0.803900003	0.112099998
C2	6000.7	23.5	0.750899971	0.101899996
C3	6000.7	23.5	0.799199998	0.098200001
C4	6000.7	23.5	0.804700017	0.105499998
C5	6000.7	23.5	0.757799983	0.115099996
C6	6000.7	23.5	0.758300006	0.116300002
C7	6000.7	23.5	0.811600029	0.115500003
C8	6000.7	23.5	0.815400004	0.115999997
C9	6000.7	23.5	0.755299985	0.112999998
D1	6000.7	23.5	0.745599985	0.115900002
D10	6000.7	23.5	0.742399991	0.107699998
D11	6000.7	23.5	0.796199977	0.1008
D12	6000.7	23.5	0.787699997	0.0898
D2	6000.7	23.5	0.754499972	0.111900002
D3	6000.7	23.5	0.799600005	0.111199997
D4	6000.7	23.5	0.801500022	0.113799997
D5	6000.7	23.5	0.753000021	0.115999997
D6	6000.7	23.5	0.736699998	0.097499996
D7	6000.7	23.5	0.790799975	0.096500002
D8	6000.7	23.5	0.807699978	0.117799997
D9	6000.7	23.5	0.746999979	0.113200001
E1	6000.7	23.5	0.805499971	0.092500001
E10	6000.7	23.5	0.754000008	0.064099997
E11	6000.7	23.5	0.859000027	0.163399994
E12	6000.7	23.5	0.797500014	0.0307
E2	6000.7	23.5	0.72390002	0.108400002
E3	6000.7	23.5	0.837000012	0.125799999
E4	6000.7	23.5	0.807500005	0.149499997
E5	6000.7	23.5	0.77670002	0.147200003
E6	6000.7	23.5	0.825500011	0.108099997
E7	6000.7	23.5	0.858900011	0.113600001
E8	6000.7	23.5	0.842899978	0.197400004
E9	6000.7	23.5	0.783699989	0.086499996
F1	6000.7	23.5	0.814100027	0.119800001
F10	6000.7	23.5	0.900600016	0.106600001
F11	6000.7	23.5	0.812699974	0.085900001
F12	6000.7	23.5	0.815999985	0.069499999
F2	6000.7	23.5	0.75120002	0.0678
F3	6000.7	23.5	0.775699973	0.068899997
F4	6000.7	23.5	0.843699992	0.096799999
F5	6000.7	23.5	0.88319999	0.078900002
F6	6000.7	23.5	0.888400018	0.103
F7	6000.7	23.5	0.879100025	0.088699996
F8	6000.7	23.5	0.929799974	0.109200001
F9	6000.7	23.5	0.904799998	0.107100002
G1	6000.7	23.5	0.767799973	0.093800001
G10	6000.7	23.5	0.871800005	0.137500003
G11	6000.7	23.5	0.940299988	0.216999993
G12	6000.7	23.5	0.892799973	0.143800005
G2	6000.7	23.5	0.770799994	0.098399997
G24	6000.7	23.5	0.852900028	0.189500004
G3	6000.7	23.5	0.779299974	0.145799994
G5	6000.7	23.5	0.953299999	0.142299995
G6	6000.7	23.5	0.872099996	0.169
G7	6000.7	23.5	0.899999976	0.199399993
G8	6000.7	23.5	0.96509999	0.154599994
G9	6000.7	23.5	0.915099978	0.196400002
A1	6300.8	23.5	0.343100011	0.137500003
A10	6300.8	23.5	0.349299997	0.143299997
A11	6300.8	23.5	0.452899992	0.138600007
A12	6300.8	23.5	0.425500005	0.139300004
A2	6300.8	23.5	0.353500009	0.140200004
A3	6300.8	23.5	0.350100011	0.047200002
A4	6300.8	23.5	0.432000011	0.1373
A5	6300.8	23.5	0.325199991	0.108900003
A6	6300.8	23.5	0.28490001	0.0581
A7	6300.8	23.5	0.431300014	0.136600003
A8	6300.8	23.5	0.416599989	0.120700002
A9	6300.8	23.5	0.346500009	0.139500007
B1	6300.8	23.5	0.313300014	0.108599998
B10	6300.8	23.5	0.320100009	0.113600001
B11	6300.8	23.5	0.4014	0.076800004
B12	6300.8	23.5	0.380600005	0.078900002
B2	6300.8	23.5	0.335399985	0.111299999
B3	6300.8	23.5	0.403600007	0.1021
B4	6300.8	23.5	0.412999988	0.109099999
B5	6300.8	23.5	0.329400003	0.1127
B6	6300.8	23.5	0.328700006	0.1109
B7	6300.8	23.5	0.386700004	0.105099998
B8	6300.8	23.5	0.410100013	0.110200003
B9	6300.8	23.5	0.324900001	0.1131
C1	6300.8	23.5	0.742500007	0.104000002
C10	6300.8	23.5	0.752600014	0.112899996
C11	6300.8	23.5	0.821699977	0.111400001
C12	6300.8	23.5	0.803300023	0.109399997
C2	6300.8	23.5	0.751399994	0.105400003
C3	6300.8	23.5	0.800000012	0.098200001
C4	6300.8	23.5	0.806100011	0.107600003
C5	6300.8	23.5	0.755800009	0.1149
C6	6300.8	23.5	0.75910002	0.1149
C7	6300.8	23.5	0.810800016	0.114200003
C8	6300.8	23.5	0.815800011	0.114500001
C9	6300.8	23.5	0.754999995	0.112599999
D1	6300.8	23.5	0.744199991	0.113799997
D10	6300.8	23.5	0.740499973	0.104800001
D11	6300.8	23.5	0.795000017	0.099299997
D12	6300.8	23.5	0.784699976	0.090099998
D2	6300.8	23.5	0.752200007	0.115400001
D3	6300.8	23.5	0.800400019	0.111199997
D4	6300.8	23.5	0.801500022	0.1127
D5	6300.8	23.5	0.753400028	0.116499998
D6	6300.8	23.5	0.736599982	0.101899996
D7	6300.8	23.5	0.789799988	0.0977
D8	6300.8	23.5	0.807900012	0.117200002
D9	6300.8	23.5	0.745999992	0.1153
E1	6300.8	23.5	0.807200015	0.0889
E10	6300.8	23.5	0.757799983	0.057300001
E11	6300.8	23.5	0.859499991	0.165600002
E12	6300.8	23.5	0.805100024	0.0403
E2	6300.8	23.5	0.723699987	0.112800002
E3	6300.8	23.5	0.833199978	0.1193
E4	6300.8	23.5	0.812399983	0.150399998
E5	6300.8	23.5	0.770200014	0.150199994
E6	6300.8	23.5	0.823599994	0.112000003
E7	6300.8	23.5	0.871999979	0.155599996
E8	6300.8	23.5	0.844099998	0.184400007
E9	6300.8	23.5	0.782400012	0.088799998
F1	6300.8	23.5	0.812900007	0.118199997
F10	6300.8	23.5	0.895699978	0.1039
F11	6300.8	23.5	0.81370002	0.089500003
F12	6300.8	23.5	0.817600012	0.071800001
F2	6300.8	23.5	0.753099978	0.071099997
F3	6300.8	23.5	0.776899993	0.0669
F4	6300.8	23.5	0.83039999	0.089599997
F5	6300.8	23.5	0.879499972	0.069200002
F6	6300.8	23.5	0.878499985	0.086599998
F7	6300.8	23.5	0.884899974	0.085199997
F8	6300.8	23.5	0.911199987	0.113600001
F9	6300.8	23.5	0.880200028	0.070699997
G1	6300.8	23.5	0.768999994	0.095600002
G10	6300.8	23.5	0.872600019	0.142399997
G11	6300.8	23.5	0.941100001	0.214900002
G12	6300.8	23.5	0.892499983	0.143900007
G2	6300.8	23.5	0.768100023	0.101099998
G25	6300.8	23.5	0.853999972	0.210099995
G3	6300.8	23.5	0.780300021	0.1435
G5	6300.8	23.5	0.886099994	0.0977
G6	6300.8	23.5	0.866999984	0.171700001
G7	6300.8	23.5	0.894200027	0.192900002
G8	6300.8	23.5	0.917500019	0.229800001
G9	6300.8	23.5	0.908399999	0.172399998
A1	6600.8	23.6	0.343499988	0.139599994
A10	6600.8	23.6	0.349599987	0.144299999
A11	6600.8	23.6	0.452399999	0.137999997
A12	6600.8	23.6	0.425099999	0.139599994
A2	6600.8	23.6	0.352400005	0.138600007
A3	6600.8	23.6	0.354200006	0.0526
A4	6600.8	23.6	0.430799991	0.136700004
A5	6600.8	23.6	0.334100008	0.119000003
A6	6600.8	23.6	0.278699994	0.051199999
A7	6600.8	23.6	0.432200015	0.135100007
A8	6600.8	23.6	0.417100012	0.121600002
A9	6600.8	23.6	0.347299993	0.139500007
B1	6600.8	23.6	0.313600004	0.107799999
B10	6600.8	23.6	0.3204	0.114200003
B11	6600.8	23.6	0.399199992	0.074600004
B12	6600.8	23.6	0.380800009	0.0788
B2	6600.8	23.6	0.336199999	0.1127
B3	6600.8	23.6	0.407099992	0.103299998
B4	6600.8	23.6	0.412900001	0.111199997
B5	6600.8	23.6	0.329100013	0.113300003
B6	6600.8	23.6	0.329299986	0.112499997
B7	6600.8	23.6	0.387199998	0.1039
B8	6600.8	23.6	0.408899993	0.111199997
B9	6600.8	23.6	0.325800002	0.112300001
C1	6600.8	23.6	0.744099975	0.102399997
C10	6600.8	23.6	0.753400028	0.114299998
C11	6600.8	23.6	0.818599999	0.1109
C12	6600.8	23.6	0.802999973	0.1105
C2	6600.8	23.6	0.750100017	0.101800002
C3	6600.8	23.6	0.799399972	0.098999999
C4	6600.8	23.6	0.803799987	0.104199998
C5	6600.8	23.6	0.754800022	0.114699997
C6	6600.8	23.6	0.7579	0.115699999
C7	6600.8	23.6	0.811100006	0.114
C8	6600.8	23.6	0.814700007	0.114799999
C9	6600.8	23.6	0.755699992	0.111199997
D1	6600.8	23.6	0.745599985	0.116800003
D10	6600.8	23.6	0.740199983	0.105499998
D11	6600.8	23.6	0.793799996	0.098999999
D12	6600.8	23.6	0.786499977	0.090300001
D2	6600.8	23.6	0.754199982	0.1153
D3	6600.8	23.6	0.799499989	0.110299997
D4	6600.8	23.6	0.799700022	0.1131
D5	6600.8	23.6	0.752300024	0.114500001
D6	6600.8	23.6	0.739700019	0.102399997
D7	6600.8	23.6	0.791000009	0.098700002
D8	6600.8	23.6	0.808700025	0.1184
D9	6600.8	23.6	0.747600019	0.114799999
E1	6600.8	23.6	0.80369997	0.083499998
E10	6600.8	23.6	0.753000021	0.058800001
E11	6600.8	23.6	0.856999993	0.168200001
E12	6600.8	23.6	0.803799987	0.0383
E2	6600.8	23.6	0.76700002	0.144199997
E3	6600.8	23.6	0.833299994	0.120899998
E4	6600.8	23.6	0.800000012	0.154799998
E5	6600.8	23.6	0.761300027	0.151600003
E6	6600.8	23.6	0.825600028	0.106799997
E7	6600.8	23.6	0.856700003	0.115099996
E8	6600.8	23.6	0.843900025	0.201000005
E9	6600.8	23.6	0.784699976	0.092799999
F1	6600.8	23.6	0.813399971	0.119599998
F10	6600.8	23.6	0.892700016	0.105899997
F11	6600.8	23.6	0.815500021	0.093800001
F12	6600.8	23.6	0.818400025	0.070799999
F2	6600.8	23.6	0.75120002	0.067000002
F3	6600.8	23.6	0.775699973	0.063699998
F4	6600.8	23.6	0.795700014	0.113600001
F5	6600.8	23.6	0.873600006	0.059300002
F6	6600.8	23.6	0.873399973	0.071699999
F7	6600.8	23.6	0.883099973	0.086099997
F8	6600.8	23.6	0.930800021	0.108999997
F9	6600.8	23.6	0.90109998	0.1061
G1	6600.8	23.6	0.777800024	0.150700003
G10	6600.8	23.6	0.871900022	0.138500005
G11	6600.8	23.6	0.941500008	0.205200002
G12	6600.8	23.6	0.891799986	0.141900003
G2	6600.8	23.6	0.769599974	0.097999997
G26	6600.8	23.6	0.850799978	0.1875
G3	6600.8	23.6	0.798699975	0.161500007
G5	6600.8	23.6	0.891900003	0.063600004
G6	6600.8	23.6	0.864600003	0.176400006
G7	6600.8	23.6	0.885500014	0.166899994
G8	6600.8	23.6	0.896000028	0.153400004
G9	6600.8	23.6	0.908200026	0.1699
A1	6900.8	23.6	0.344700009	0.140799999
A10	6900.8	23.6	0.349299997	0.144299999
A11	6900.8	23.6	0.452300012	0.140100002
A12	6900.8	23.6	0.423799992	0.138099998
A2	6900.8	23.6	0.353500009	0.141200006
A3	6900.8	23.6	0.394600004	0.083800003
A4	6900.8	23.6	0.431499988	0.137899995
A5	6900.8	23.6	0.334899992	0.120300002
A6	6900.8	23.6	0.279900014	0.052900001
A7	6900.8	23.6	0.431600004	0.137400001
A8	6900.8	23.6	0.416099995	0.122100003
A9	6900.8	23.6	0.346899986	0.139599994
B1	6900.8	23.6	0.313800007	0.108400002
B10	6900.8	23.6	0.319499999	0.114299998
B11	6900.8	23.6	0.397399992	0.072700001
B12	6900.8	23.6	0.378699988	0.077699997
B2	6900.8	23.6	0.336199999	0.111199997
B3	6900.8	23.6	0.407799989	0.105499998
B4	6900.8	23.6	0.411900014	0.1105
B5	6900.8	23.6	0.3292	0.113200001
B6	6900.8	23.6	0.3292	0.111299999
B7	6900.8	23.6	0.387600005	0.104900002
B8	6900.8	23.6	0.407799989	0.111400001
B9	6900.8	23.6	0.324600011	0.1118
C1	6900.8	23.6	0.744099975	0.102899998
C10	6900.8	23.6	0.753600001	0.114399999
C11	6900.8	23.6	0.817799985	0.111900002
C12	6900.8	23.6	0.802699983	0.109499998
C2	6900.8	23.6	0.751800001	0.105099998
C3	6900.8	23.6	0.800300002	0.097599998
C4	6900.8	23.6	0.805400014	0.108800001
C5	6900.8	23.6	0.757000029	0.114799999
C6	6900.8	23.6	0.757600009	0.1149
C7	6900.8	23.6	0.810699999	0.115199998
C8	6900.8	23.6	0.814199984	0.114
C9	6900.8	23.6	0.7579	0.1149
D1	6900.8	23.6	0.745999992	0.116300002
D10	6900.8	23.6	0.74000001	0.104400001
D11	6900.8	23.6	0.790700018	0.094700001
D12	6900.8	23.6	0.78549999	0.091399997
D2	6900.8	23.6	0.754000008	0.115800001
D3	6900.8	23.6	0.799899995	0.111299999
D4	6900.8	23.6	0.802100003	0.115900002
D5	6900.8	23.6	0.751399994	0.112800002
D6	6900.8	23.6	0.740700006	0.105499998
D7	6900.8	23.6	0.790499985	0.100000001
D8	6900.8	23.6	0.807299972	0.117200002
D9	6900.8	23.6	0.747300029	0.114
E1	6900.8	23.6	0.800700009	0.079099998
E10	6900.8	23.6	0.755299985	0.057300001
E11	6900.8	23.6	0.857800007	0.167500004
E12	6900.8	23.6	0.805499971	0.0383
E2	6900.8	23.6	0.724399984	0.108099997
E3	6900.8	23.6	0.830500007	0.118600003
E4	6900.8	23.6	0.802100003	0.159199998
E5	6900.8	23.6	0.766799986	0.155499995
E6	6900.8	23.6	0.824699998	0.110100001
E7	6900.8	23.6	0.869499981	0.154200003
E8	6900.8	23.6	0.842599988	0.205799997
E9	6900.8	23.6	0.782500029	0.087200001
F1	6900.8	23.6	0.813399971	0.118600003
F10	6900.8	23.6	0.891799986	0.106700003
F11	6900.8	23.6	0.814999998	0.091899998
F12	6900.8	23.6	0.82249999	0.069899999
F2	6900.8	23.6	0.753400028	0.063699998
F3	6900.8	23.6	0.775300026	0.059999999
F4	6900.8	23.6	0.817499995	0.158299997
F5	6900.8	23.6	0.872600019	0.060199998
F6	6900.8	23.6	0.876299977	0.074199997
F7	6900.8	23.6	0.885399997	0.084799998
F8	6900.8	23.6	0.930299997	0.109200001
F9	6900.8	23.6	0.899800003	0.109200001
G1	6900.8	23.6	0.792400002	0.149700001
G10	6900.8	23.6	0.871200025	0.147200003
G11	6900.8	23.6	0.936699986	0.208900005
G12	6900.8	23.6	0.890900016	0.140300006
G2	6900.8	23.6	0.770399988	0.0973
G27	6900.8	23.6	0.851300001	0.205400005
G3	6900.8	23.6	0.782299995	0.150299996
G5	6900.8	23.6	0.870400012	0.156200007
G6	6900.8	23.6	0.856400013	0.182099998
G7	6900.8	23.6	0.883599997	0.165099993
G8	6900.8	23.6	0.933000028	0.294400007
G9	6900.8	23.6	0.907299995	0.164299995
A1	7200.9	23.7	0.345800012	0.1435
A10	7200.9	23.7	0.352999985	0.1479
A11	7200.9	23.7	0.449099988	0.135499999
A12	7200.9	23.7	0.423799992	0.140400007
A2	7200.9	23.7	0.354400009	0.141900003
A3	7200.9	23.7	0.352800012	0.0568
A4	7200.9	23.7	0.433200002	0.140100002
A5	7200.9	23.7	0.318800002	0.1017
A6	7200.9	23.7	0.2764	0.048799999
A7	7200.9	23.7	0.430999994	0.136399999
A8	7200.9	23.7	0.416599989	0.123400003
A9	7200.9	23.7	0.34889999	0.141399994
B1	7200.9	23.7	0.313199997	0.108599998
B10	7200.9	23.7	0.319900006	0.114
B11	7200.9	23.7	0.397399992	0.069200002
B12	7200.9	23.7	0.375999987	0.077600002
B2	7200.9	23.7	0.336400002	0.1127
B3	7200.9	23.7	0.407499999	0.105300002
B4	7200.9	23.7	0.41080001	0.110600002
B5	7200.9	23.7	0.328000009	0.112999998
B6	7200.9	23.7	0.329100013	0.111900002
B7	7200.9	23.7	0.386700004	0.105800003
B8	7200.9	23.7	0.407599986	0.110699996
B9	7200.9	23.7	0.324600011	0.113799997
C1	7200.9	23.7	0.741999984	0.103299998
C10	7200.9	23.7	0.753799975	0.114100002
C11	7200.9	23.7	0.815900028	0.108999997
C12	7200.9	23.7	0.805499971	0.1105
C2	7200.9	23.7	0.74970001	0.101300001
C3	7200.9	23.7	0.797599971	0.096900001
C4	7200.9	23.7	0.804499984	0.1083
C5	7200.9	23.7	0.755100012	0.1153
C6	7200.9	23.7	0.755900025	0.114
C7	7200.9	23.7	0.809899986	0.112499997
C8	7200.9	23.7	0.814100027	0.1131
C9	7200.9	23.7	0.754599988	0.112499997
D1	7200.9	23.7	0.746999979	0.117700003
D10	7200.9	23.7	0.74089998	0.106600001
D11	7200.9	23.7	0.793200016	0.097099997
D12	7200.9	23.7	0.787800014	0.089699998
D2	7200.9	23.7	0.754899979	0.119199999
D3	7200.9	23.7	0.797599971	0.109200001
D4	7200.9	23.7	0.799700022	0.111699998
D5	7200.9	23.7	0.749100029	0.112400003
D6	7200.9	23.7	0.741100013	0.106200002
D7	7200.9	23.7	0.797399998	0.106399998
D8	7200.9	23.7	0.808799982	0.118500002
D9	7200.9	23.7	0.748199999	0.117399998
E1	7200.9	23.7	0.804700017	0.082099997
E10	7200.9	23.7	0.754499972	0.057500001
E11	7200.9	23.7	0.858799994	0.169699997
E12	7200.9	23.7	0.804799974	0.040199999
E2	7200.9	23.7	0.782299995	0.145799994
E3	7200.9	23.7	0.831700027	0.127000004
E4	7200.9	23.7	0.797299981	0.1602
E5	7200.9	23.7	0.769500017	0.159600005
E6	7200.9	23.7	0.827000022	0.1008
E7	7200.9	23.7	0.85680002	0.109700002
E8	7200.9	23.7	0.843900025	0.188299999
E9	7200.9	23.7	0.780399978	0.0898
F1	7200.9	23.7	0.813399971	0.118600003
F10	7200.9	23.7	0.891200006	0.110100001
F11	7200.9	23.7	0.81309998	0.092100002
F12	7200.9	23.7	0.819100022	0.075199999
F2	7200.9	23.7	0.752399981	0.062799998
F3	7200.9	23.7	0.775300026	0.0583
F4	7200.9	23.7	0.858799994	0.148699999
F5	7200.9	23.7	0.869400024	0.063299999
F6	7200.9	23.7	0.870199978	0.066299997
F7	7200.9	23.7	0.884199977	0.0867
F8	7200.9	23.7	0.930700004	0.108099997
F9	7200.9	23.7	0.896600008	0.108900003
G1	7200.9	23.7	0.792200029	0.152099997
G10	7200.9	23.7	0.871699989	0.153600007
G11	7200.9	23.7	0.935599983	0.213300005
G12	7200.9	23.7	0.888700008	0.135600001
G2	7200.9	23.7	0.774299979	0.096699998
G28	7200.9	23.7	0.850499988	0.184799999
G3	7200.9	23.7	0.804700017	0.166700006
G5	7200.9	23.7	0.925300002	0.029999999
G6	7200.9	23.7	0.864400029	0.178100005
G7	7200.9	23.7	0.880999982	0.161500007
G8	7200.9	23.7	0.937099993	0.158299997
G9	7200.9	23.7	0.954100013	0.153300002